3996;3685;3735;4025;3869;4302;4074;4303;3942;3964;3772;3845;4149;3799;4497;4101;4103;4014;4313;4136;4085;4236;4026;3709;3601;4101;3770;3927;3847;4037;4126;3627;3966;3692;4034;3657;4266;4544;4192;3966;3723;3876;4316;4013;4108;4537;3835;4297;4230;3537;3920;3908;3880;3955;4171;3915;4133;4133;4035;3814;3750;3818;4291;4125;4056;3651;3987;3731;3982;3788;4172;3935;4030;4054;4064;4073;3909;4195;4175;3938;
4408;4142;4307;3929;4284;4636;4475;4398;4097;4103;4098;4247;4643;4379;4643;4170;4591;4410;4570;4340;4761;4728;4523;3944;4149;4374;4079;4375;4465;4536;4255;4124;4393;4068;4145;4031;4597;4905;4600;4483;4351;4357;4273;4465;4525;4933;4358;4599;4401;3877;4408;4110;3934;4349;4850;4518;4368;4217;4352;4393;4383;4400;4636;4619;4462;3978;4215;4209;4457;4483;4613;4385;4541;4441;4679;4714;4458;4551;4192;4282;
3939;3635;3581;3410;3567;3959;3639;3967;3726;3556;3390;3368;3743;3939;4006;3708;3906;3612;3848;4007;3851;3954;3790;3627;3297;3881;3340;3812;3753;3719;3756;3494;3942;3543;3628;3478;4003;4094;3844;3581;3630;3553;3982;3625;3988;4097;3751;3824;3760;3213;3597;3394;3130;3758;4132;3792;3581;3714;3871;3745;3644;3678;4025;3600;3821;3595;3575;3407;3580;3764;3689;3777;3795;3914;3805;3720;3764;3856;3498;3605;
3984;3702;3578;3691;3596;4264;3958;4017;3744;3704;3475;3588;3942;3994;4025;3981;3943;3691;3990;3850;4058;4290;3643;3798;3252;3781;3615;3633;3892;3789;3901;3481;3907;3661;3855;3871;4019;4254;4104;3819;3881;3896;3946;3825;3965;4222;3856;4179;4042;3394;3960;3559;3716;4009;4074;3887;3771;3768;4034;3563;3821;3904;4092;3692;4086;3659;3659;3645;3560;3806;4005;4190;3798;3879;3962;4102;3703;4068;3612;3905;
3989;3876;3690;3860;4114;4374;4101;4254;4048;3880;3641;3836;4265;4286;4518;4313;4133;3979;4213;4267;4074;4473;4122;3664;3688;4202;3766;4053;4088;3958;3946;3937;4345;3614;4130;3761;4369;4524;4185;3832;4042;3934;4364;4233;4211;4494;4023;4009;4260;3617;3926;3974;3739;4134;4411;3994;4030;4008;4239;4104;4074;4002;4159;4212;4164;3923;3824;3749;3874;4194;4012;4477;4187;4037;4302;4024;4101;4244;4052;4121;
4382;4141;3889;3858;4144;4487;4203;4451;4139;4068;3812;4019;4384;4446;4663;3973;4274;4110;4317;4441;4358;4652;4176;3722;3811;4355;3884;4194;4174;4108;4141;4070;4341;3805;4085;3903;4372;4520;4379;4054;4036;4203;4546;4177;4274;4728;4014;4448;4575;3778;4257;4083;4054;4135;4502;4210;4221;4447;4441;4246;4054;4238;4423;4298;4056;3865;4191;3931;4129;3994;4305;4268;4510;4118;4331;4187;4250;4490;4284;4210;
3999;3738;3708;3677;3809;4024;3915;4004;4008;3702;3607;3957;4067;4011;4364;4002;4123;4067;3860;4338;3954;4365;4069;3563;3491;4002;3664;3746;3875;3769;3741;3700;3996;3447;4008;3754;4174;4357;4174;3818;3925;3880;4055;3823;4107;4247;3715;4133;3973;3635;4099;3756;3648;3730;4086;3997;3928;3759;4017;3924;3873;3938;4114;3978;4003;3639;3757;3804;3884;3833;3660;4262;4118;4095;3979;4049;4024;4139;3812;3760;
4114;3929;3788;3682;4078;4222;4222;4292;4047;3942;3596;3827;4250;4203;4648;4090;4348;3975;4309;4192;4300;4472;4209;3847;3679;3983;3514;3818;3827;4088;4183;3694;4167;3716;3985;3832;4305;4652;4091;4019;3898;3935;4279;4199;4079;4411;4161;4243;4266;3455;4047;3923;3728;4041;4296;4106;3946;4017;4074;3906;3803;4065;4278;4181;4189;3727;3941;3814;3819;4133;4149;4205;4395;3984;4112;4359;3869;4384;3929;4057;
4092;4122;3806;3692;4027;4339;3971;4161;3930;3875;3651;3740;4177;3987;4443;4000;4239;3944;4190;4175;4179;4369;4066;3625;3566;4011;3614;4030;4075;4043;3916;4002;4243;3849;4055;3928;4261;4401;4211;3807;4083;4035;4171;3959;3938;4576;3918;4086;4202;3620;3993;3846;3610;3981;4414;4230;3977;3933;4235;4061;4110;3895;4320;3961;4075;4003;3676;3675;3871;4132;4210;4069;4000;4043;4163;4043;4166;4316;3763;3926;
3648;3409;3598;3626;3761;4083;3667;3984;3468;3657;3353;3906;4076;3781;4130;3858;4159;3763;4083;3813;4187;4077;3782;3540;3573;4055;3430;3690;3928;3814;3629;3318;3680;3610;3930;3507;4041;4184;3776;3940;3735;3625;3711;3661;3808;4310;3604;4045;3951;3411;3972;3560;3535;3839;4032;3698;3677;3844;3699;3788;3670;3792;4283;4052;3883;3652;3684;3561;3562;3934;4105;3764;4210;3643;4022;3725;3780;3826;3837;3590;
4471;3915;4006;3885;3940;4277;4255;4244;3999;4143;3638;3826;4476;4023;4487;3956;4268;4016;4514;4303;4061;4426;4314;3791;3395;4056;3825;4115;3968;3965;4023;3885;4245;3813;4037;3755;4371;4397;4242;3953;3928;4010;4252;4160;4225;4462;3891;4380;4284;3472;4160;3787;3774;4174;4050;4137;3908;4070;4281;3981;3885;4216;4086;4086;4132;3687;3851;3874;3837;4163;4067;4313;4196;4100;4104;4040;3941;4333;3718;4155;
3682;3345;3536;3438;3614;3976;3499;3875;3507;3540;3383;3502;3538;3522;4057;3498;3912;3553;3677;3717;4026;3956;3577;3553;3625;3785;3616;3575;3537;3568;3797;3546;3624;3349;3620;3539;4019;4012;3721;3319;3777;3701;3677;3636;3735;4017;3669;3884;3734;3091;3615;3397;3422;3473;3898;3680;3509;3766;3724;3695;3628;3573;3755;3645;3564;3398;3274;3625;3496;3535;3521;3747;3711;3824;3821;3930;3450;3779;3533;3282;
4398;4214;4055;4168;4148;4685;4417;4419;4469;4280;4032;4283;4195;4221;4605;4045;4360;4317;4462;4430;4527;4685;4370;3781;3916;4312;4061;4083;4155;4310;4217;4181;4513;3922;3909;4041;4603;4608;4508;4234;4420;4217;4209;4469;4286;4642;4149;4356;4342;3804;4198;4159;3849;4290;4487;4302;4297;4238;4401;4399;4356;4478;4592;4243;4269;4141;4119;4320;4130;4326;4298;4593;4452;4440;4516;4525;4500;4471;4094;4324;
4076;3672;3545;3607;3692;4177;3893;4204;3895;3822;3681;3797;4170;3858;4329;4028;4381;3920;4081;4070;4028;4395;3939;3488;3436;3976;3394;3978;3921;3815;3704;3654;4142;3633;3809;3788;4152;4224;4143;3722;3792;3865;3949;3691;3682;4285;3791;4159;3920;3509;3908;3711;3570;3916;4109;3932;3986;3802;4014;3946;3761;4113;4095;4188;4056;3704;3527;3681;3849;3925;3932;4144;4034;3958;4282;3989;3960;4144;3790;3842;
3995;3743;3832;3690;3832;4335;3925;4112;3996;3842;3668;3824;4287;4131;4363;3763;4165;3741;4055;4092;4167;4276;4130;3795;3517;3946;3703;4038;3809;3851;3799;3597;4200;3780;3893;3754;4019;4292;3909;4091;4051;3781;4094;3976;4138;4322;4086;4111;3899;3397;3991;3725;3710;4078;4042;4061;3964;3811;4093;3996;3771;4313;4452;4027;4138;3948;4010;3703;3656;3925;3901;4214;4181;3952;4114;4087;4107;4041;3638;3767;
3998;3913;3444;3635;4064;4165;3794;4185;3807;3708;3564;3636;3899;3949;4208;3841;4216;3724;4279;4018;4033;4249;3836;3473;3503;3865;3539;3764;3898;3980;3639;3572;3909;3794;3829;3900;4207;4074;4030;3941;3943;3863;3997;3759;3764;4340;3876;4050;4143;3292;3819;3850;3429;3917;4104;3773;3930;3902;4054;3930;3920;3824;4163;3815;3849;3715;3810;3883;3674;3843;3750;4050;4015;4025;4084;3893;3896;4104;3902;3683;
4158;3765;3585;3717;3745;4330;3923;4157;4051;4137;3816;3804;4098;3910;4287;3943;4358;3774;4191;4105;4000;4635;3978;3706;3607;3941;3523;3847;3918;4002;3904;3770;4123;3746;3941;3889;4136;4187;4010;3989;3826;3874;4188;4181;3929;4343;3978;4205;4218;3593;3958;3899;3530;4116;4195;3813;3929;3934;4180;3972;4029;4134;4221;4000;3945;3573;3835;3990;3729;3890;4048;4054;4280;4030;4075;4060;3944;4024;3749;3966;
4578;4130;3993;3959;4289;4458;4272;4362;4042;4117;3818;4252;4474;4369;4666;4575;4707;4220;4580;4592;4568;4884;4402;3983;3914;4227;3758;4240;4529;4074;4219;4220;4596;4153;4141;4211;4581;4685;4608;4315;4453;4216;4459;4160;4310;4815;4154;4621;4515;3856;4426;4215;3917;4264;4339;4281;4506;4303;4456;4482;4145;4483;4531;4388;4193;3958;4129;4135;4385;4415;4313;4508;4391;4390;4505;4265;4598;4712;4191;4217;
4253;4050;3757;3762;3903;4301;4062;4488;4059;4042;3949;4059;4273;4095;4376;4157;4342;4110;4480;4156;4255;4508;4020;3863;3800;4234;3728;4074;4119;4387;4188;3955;4330;3959;4175;3804;4453;4480;4205;3970;4120;3999;4105;4077;4171;4690;4011;4350;4544;3674;4285;3930;3738;4097;4463;4063;4255;4285;4150;4191;4088;4056;4278;4146;3957;3759;3980;4063;3894;4176;4378;3980;4252;4118;4269;4224;4045;4207;4035;4033;
4073;3895;3565;3668;4027;4161;3773;4338;3985;3965;3573;4043;4122;4399;4362;3762;4234;3843;4015;4130;4205;4393;4197;3821;3643;4147;3838;3964;3773;4148;3803;3889;4223;3710;3951;3502;4514;4409;4330;3864;4057;3907;4065;3961;4229;4819;3917;4177;4098;3733;4074;3795;3787;3869;4391;4196;3961;4006;4102;3905;4080;4042;4262;4117;3991;3734;3727;3831;3977;3941;4113;4156;4181;4287;4203;4165;4159;4042;4092;3784;
4066;3949;3658;3803;3793;4261;4046;4402;3960;3951;3866;4116;4327;4189;4458;4095;4350;3841;4251;4045;4516;4556;4028;3826;3972;3963;3775;4010;4098;3882;4077;3818;4214;3789;4016;4008;4614;4291;4359;4182;4116;4018;4140;4122;4126;4714;4093;4210;4304;3569;4243;3949;3773;4116;4364;4146;4157;4105;4208;4084;4071;4081;4222;4133;4267;3713;3766;3886;3775;4254;4219;4152;4176;4312;4328;4284;4159;4225;4043;4065;
4139;3983;3754;3806;3965;4475;3854;4332;3956;4023;3835;4027;4294;4102;4544;3941;4213;4025;4386;4379;4310;4367;3900;3791;3652;4199;3724;3854;3851;4044;3862;3840;4225;3799;3944;4035;4274;4544;4123;3722;4085;4094;4136;4106;4180;4406;4140;4271;4311;3640;4431;3872;3684;4160;4387;4156;4009;4166;4349;4138;4003;4021;4153;4186;4058;4045;3856;3766;4017;4078;4106;4114;4110;4134;4096;4016;3968;4273;4066;4046;
4477;4347;4105;4076;4203;4491;4340;4655;4348;4269;3905;4388;4597;4323;4943;4185;4735;4113;4734;4560;4585;4892;4522;4041;3999;4515;3998;4298;4386;4520;4311;4245;4542;4221;4419;4152;4761;4848;4483;4323;4407;4444;4588;4453;4558;4965;4303;4510;4539;3844;4376;4125;3998;4429;4482;4580;4494;4408;4542;4365;4433;4263;4601;4422;4475;4020;4240;4148;4253;4699;4525;4493;4585;4679;4533;4581;4452;4829;4407;4338;
4379;4067;4352;4061;4177;4714;4105;4452;4395;3970;4111;4054;4471;4429;4744;4324;4515;4152;4476;4438;4268;4569;4532;4010;4043;4441;3966;4239;4280;4308;4286;4233;4307;3930;4278;4084;4315;4763;4311;4277;4124;4172;4462;4120;4413;4644;4232;4394;4518;3799;4516;4122;4011;4404;4756;4298;4198;4284;4375;4371;4344;4165;4530;4504;4195;4254;4180;3881;4276;4249;4352;4491;4342;4330;4465;4543;4279;4601;4420;4328;
4576;4012;4160;4160;4257;4478;4176;4284;4197;4146;3909;4004;4281;4290;4420;4368;4579;4140;4405;4355;4360;4712;4336;4059;3902;4117;3949;4217;4438;4066;4478;3973;4397;3975;4300;4305;4607;4789;4510;4256;4223;4105;4216;4462;4288;4557;4345;4347;4556;3885;4188;4147;3824;4182;4419;3929;4413;4088;4368;4243;4230;4292;4491;4396;4236;4004;3996;3973;4200;4414;3996;4529;4603;4437;4229;4421;4148;4572;4024;4129;
4326;3998;4079;3741;3960;4397;3991;4310;4091;4093;3802;3983;3946;4115;4408;4048;4190;3685;4394;4056;4504;4350;4231;3738;3857;4326;3808;3844;3998;4072;4082;3790;4217;3950;3819;3904;4360;4542;4358;4077;4132;3997;4099;4074;4064;4745;4073;4398;4176;3660;4192;3736;3649;4130;4242;3987;4155;3948;4027;4128;4004;3950;4115;4042;4133;3880;3991;3913;3878;4142;4096;4139;4147;3895;4137;4292;4208;4307;3696;4107;
3659;3250;3585;3556;3421;3662;3565;3788;3469;3468;3307;3664;4087;3718;4075;3591;3952;3585;3983;3675;3583;4092;3809;3382;3208;3855;3397;3881;3430;3448;3732;3300;3769;3333;3688;3331;4037;4058;3879;3598;3662;3611;3869;3733;3748;3911;3483;3873;3951;2877;3627;3513;3469;3613;3929;3682;3572;3676;3682;3734;3515;3791;3902;3664;3878;3526;3402;3394;3484;3782;3682;3991;4007;3590;3955;3741;3511;3704;3651;3585;
3995;3681;3718;3596;3750;3977;3934;4070;3904;3796;3628;4040;4262;4015;4314;3949;4286;4012;3971;4061;4123;4167;4056;3669;3381;3891;3615;3694;3881;3933;4020;3734;3785;3602;3761;3401;4057;4203;3823;3909;3572;3921;3904;4026;3818;4406;3685;4077;3846;3361;4172;3755;3568;4021;4265;3798;3816;3947;3756;3892;3696;3908;4104;4086;3825;3536;3826;3585;3771;3939;3905;3885;4130;3987;4018;3986;3972;4047;3787;4046;
4362;4064;4144;3907;4041;4539;4161;4386;4250;4180;4064;4302;4480;4487;4755;4298;4514;4190;4590;4515;4420;4602;4487;3966;3956;4441;3715;3983;4424;4407;4214;4092;4400;4203;4047;4129;4556;4637;4603;4232;4214;4108;4357;4488;4517;4511;4168;4528;4480;3881;4229;3906;3832;4310;4509;4112;4051;4472;4284;4287;4393;4215;4444;4294;4227;3968;4079;4085;4308;4077;4375;4523;4264;4316;4309;4310;4239;4653;4335;4356;
4090;3700;3795;3601;3645;4226;3903;4158;3910;3927;3587;4039;4111;3939;4211;3942;3935;3879;4265;4056;4088;4277;3947;3769;3690;4111;3835;4030;4061;3951;4013;3803;3915;3690;3916;3959;4256;4378;3989;3809;4139;3926;4208;3895;4130;4620;4012;4041;4154;3542;3976;3756;3794;3966;4155;3870;4112;3803;3962;3995;3968;3886;4237;4377;3777;3867;3868;3847;3931;4062;3952;3927;4164;4151;4153;4193;4119;4399;3734;3880;
4323;3872;3846;3881;4029;4417;4120;4251;3988;3858;3743;4030;4315;3996;4358;4016;4595;4036;4289;4141;4251;4489;4051;3918;3836;4273;3781;4227;4217;4151;3970;3948;4161;3765;4095;3938;4441;4352;4231;4256;4071;3964;4391;4144;4328;4634;4003;4131;4186;3440;4090;3854;3840;4128;4283;4071;4159;4190;4335;4215;4047;4176;4243;4202;4136;3984;3936;4084;4076;3982;4202;4304;4400;4282;4222;4236;4224;4252;4225;3787;
4321;4037;3950;3752;4001;4319;3994;4412;4111;3993;3658;4045;4443;4238;4418;4085;4164;4134;4164;4215;4039;4658;4271;3817;3753;4124;3708;4024;4143;3991;4131;4056;4008;3848;4029;3875;4327;4774;4346;4068;3994;3993;4053;3947;4130;4632;4145;4402;4344;3878;4193;3776;3929;4146;4454;4055;4089;4147;4329;4268;3920;4138;4333;4329;4202;3949;3996;3928;4093;4070;4275;4451;4382;4229;4233;4213;4029;4326;4243;3761;
3932;3804;3585;3608;3758;3946;3639;4245;3831;4018;3496;3821;4156;3849;4286;3765;4081;3729;4238;3932;4096;4112;3841;3545;3569;3911;3723;3907;3921;3833;3722;3550;3996;3779;3768;3614;3983;4079;4043;3885;3975;3779;3890;3912;4055;4485;3640;4039;4056;3320;3797;3633;3493;3892;4033;4095;3969;3797;4193;3898;3965;3859;4017;3877;4045;3748;3588;3638;3666;3993;4214;4000;3923;3968;3969;3723;3805;4066;3955;3622;
3572;3521;3441;3133;3365;3684;3489;3835;3488;3609;3408;3501;3674;3659;3722;3412;3828;3459;3676;3694;3757;3982;3630;3363;3154;3607;3477;3681;3615;3495;3518;3507;3570;3427;3541;3422;3745;3808;3521;3325;3645;3417;3751;3507;3690;3939;3481;4026;3689;3088;3713;3377;3593;3792;3971;3519;3767;3456;3732;3588;3656;3760;3847;3703;3733;3451;3573;3225;3453;3621;3759;3588;3760;3495;3788;3784;3644;3794;3446;3499;
4209;3739;3481;3667;3896;4087;3843;4148;3928;3784;3423;3809;4069;3832;4293;3728;4160;3831;4168;3951;3931;4164;3888;3583;3631;4006;3545;3838;3830;3863;3794;3812;3723;3287;3817;3606;3989;4324;4151;3805;3892;3830;3968;3833;4012;4410;3692;4043;3965;3360;3907;3543;3562;3969;3833;3896;3971;3706;3872;3859;3789;3883;3791;3903;3566;3648;3577;3751;3646;3846;3839;4033;3921;4206;3941;3753;3687;4117;3855;3813;
4319;4405;3872;3925;4330;4432;4329;4487;4225;4302;3930;4212;4321;4386;4640;4290;4448;4213;4508;4421;4226;4696;4587;3967;4021;4226;4039;4294;4162;4244;4244;4271;4389;3900;4300;4208;4720;4541;4249;4105;4456;4370;4268;4502;4427;4563;4519;4616;4486;3807;4055;4305;3892;4370;4719;4276;4448;4260;4437;4387;4322;4335;4419;4555;4178;3997;4054;4094;4132;4592;4535;4671;4387;4473;4450;4325;4463;4307;4273;4141;
3848;3636;3607;3502;3619;3949;3819;3800;3618;3735;3360;3473;3906;3572;4116;3852;3863;3853;3957;3754;3903;4332;3738;3462;3417;3821;3388;3563;3811;3808;3954;3651;3796;3471;3639;3613;4168;4240;3895;3529;3678;3534;3714;3637;3887;4138;4027;4075;4037;3246;3705;3559;3455;3781;4242;3644;3387;3697;3797;3864;3653;3679;3975;3799;3784;3428;3585;3603;3365;3897;3745;3790;3800;3833;3740;4080;3743;4042;3788;3792;
3904;3826;3992;3849;3935;4300;4225;4229;4052;3859;3702;3977;4320;4132;4346;3942;4568;4193;4313;4175;4366;4597;4117;3648;3673;4305;3733;4086;4041;3757;4078;3749;4216;3926;4039;3913;4337;4378;4391;4062;4179;3933;4205;3968;4153;4504;3907;4288;4259;3423;4069;3767;3874;4212;4363;4225;4047;4177;4093;4020;4225;4028;4236;4094;4353;3787;3624;3810;3983;4220;4175;4397;4120;3941;4436;4148;4083;4181;3959;3912;
4475;4169;4216;4316;4241;4709;4324;4570;4462;4511;4277;4563;4593;4336;4926;4439;4750;4487;4736;4547;4666;4933;4592;4364;4152;4395;4289;4426;4426;4277;4303;4306;4681;4137;4325;4286;4660;4745;4518;4474;4655;4378;4456;4541;4629;4804;4383;4561;4425;3906;4310;4138;4159;4493;4709;4541;4340;4563;4715;4628;4526;4538;4833;4399;4586;4335;4335;4302;4267;4520;4480;4562;4459;4497;4732;4629;4555;4654;4290;4293;
3913;3944;3657;3573;3759;4059;3834;4022;3779;3694;3492;3599;3830;4123;4290;3881;4168;3704;4090;4006;4029;4373;3875;3718;3603;4034;3394;3922;4029;3824;3844;3546;3829;3564;3760;3619;4215;4137;4036;3568;3770;3749;4153;3635;4055;4457;4024;3852;4094;3470;4152;3765;3602;3923;4185;3984;3868;3931;3946;3862;3817;3870;3893;3891;3824;3421;3792;3653;3773;3835;3954;4016;3980;3802;3999;3764;3822;4076;3927;3927;
4164;4323;4176;4075;3999;4613;4230;4271;4067;4142;3680;4103;4336;4369;4669;3953;4377;4139;4292;4297;4485;4718;4279;4099;3740;4286;3924;4088;4122;4041;4158;4123;4437;3916;3988;3963;4474;4576;4462;3997;4204;4130;4462;4272;4396;4711;4140;4490;4372;3804;4062;3995;3968;4228;4699;4189;4176;4272;4397;4422;4243;4204;4587;4235;4016;3996;4130;3888;4228;4363;3993;4365;4120;4225;4339;4228;4322;4486;4110;4050;
4203;4085;3886;3609;3889;4277;4113;4394;3919;3943;3825;4056;4217;4279;4687;4159;4335;3971;4356;4361;4160;4578;4163;3711;3759;4193;3693;4273;3981;4076;4187;4048;4277;3905;4012;3933;4468;4387;4217;3848;4080;4031;4213;4021;4156;4527;4097;4323;4185;3516;3963;3826;3653;4075;4335;4060;4171;4242;4258;4026;4292;4287;4244;4315;4030;3860;3754;3904;3856;4117;4283;4154;4099;4160;4224;4178;4055;4294;3955;4290;
4169;4149;3615;3593;3761;4282;4110;4190;4051;3988;3692;3961;4054;4057;4354;4011;4390;3820;4178;4153;4310;4503;4052;3738;3879;4133;3437;3913;3981;4125;3952;3898;4263;3952;4004;3868;4379;4351;4109;3785;4198;3909;4202;4066;4151;4443;4071;4231;4049;3560;3888;3814;3728;4196;4334;4067;3943;3976;4213;4063;3884;4031;4300;3952;4010;3649;4065;4021;3935;4252;4076;4121;3928;4165;4061;3943;4108;4265;3949;3959;
4278;3918;3875;3940;3980;4416;4005;4218;4095;4178;3757;3960;4253;4326;4353;3999;4442;3915;4298;4322;4408;4800;4184;3725;3949;4061;3745;3997;4194;4045;4033;4146;4387;3665;4013;3983;4515;4561;4462;3966;4192;4056;4241;4233;4226;4457;4052;4269;4330;3557;4360;3908;3753;3936;4599;4064;4105;4232;4134;4105;4211;4307;4407;4209;3895;3901;4015;3965;3985;4293;4186;4548;4239;4243;4294;4307;4072;4069;4069;3980;
4267;3752;4050;3952;3933;4209;4122;4331;4089;3987;3734;4135;4569;4264;4369;4116;4362;4135;4223;4341;4274;4668;4353;3912;3872;4274;3878;4071;3990;4196;4194;3983;4311;3828;4325;4073;4364;4362;4144;3952;4286;4083;4453;4110;4448;4684;4301;4362;4394;3780;4210;3933;3791;4414;4492;3964;4111;4058;4195;4233;4125;4211;4395;4165;4067;3975;4133;4027;3962;4347;4420;4263;4416;4244;4342;4362;4208;4435;4096;4025;
4005;3786;3831;3758;3774;4351;3982;3945;3963;3863;3589;4059;4178;4254;4250;4037;4220;3757;4046;4074;4341;4637;4018;3883;3827;4078;3770;3969;3854;4011;4161;3999;3974;3707;3925;3979;4184;4281;4083;3837;4022;4073;3901;4154;4231;4228;4109;4086;4078;3480;3966;3803;3619;4081;4350;4000;3978;3864;3927;4113;3913;4011;4457;4154;3792;3734;4180;3769;3914;4063;4004;4149;4185;4114;4288;4081;3866;4231;3734;4143;
4043;3811;3748;3767;3875;4399;4270;4298;3848;3847;3651;3777;4071;4150;4233;3938;4272;4076;4101;4226;4125;4604;4110;3851;3819;4153;3523;3907;3861;3989;4091;3746;4214;3831;3927;3907;4376;4312;4082;4026;4049;3751;4123;4075;4048;4699;4013;3942;4339;3643;4063;3909;3704;3973;4049;4037;4169;4032;4068;3996;4115;4236;4262;4112;4101;3643;3764;3911;3992;4065;4203;4075;4170;4209;4272;4067;4039;4275;4214;3953;
4477;4290;3977;4045;4234;4434;4335;4589;4252;4051;3960;4301;4466;4442;4572;4273;4330;4383;4589;4382;4569;4760;4388;3919;3739;4268;4089;4144;4454;4153;4452;4088;4548;4129;4285;4165;4726;4683;4540;4193;4319;4065;4607;4196;4543;4951;4256;4364;4415;3824;4152;4212;4158;4250;4730;4106;4561;4333;4640;4229;4367;4404;4673;4338;4405;4197;4200;4188;4139;4473;4316;4352;4498;4590;4467;4479;4436;4637;4289;4132;
3969;3778;3619;3671;3724;4134;3775;4014;3829;3760;3600;3689;3856;3991;4120;3762;4120;3737;3915;4000;4100;4352;3864;3707;3565;3854;3528;3817;3944;3895;3774;3649;4182;3896;3894;3719;4111;4145;3972;3617;3737;3694;3971;3791;4011;4404;3793;4087;4040;3424;3746;3639;3489;3947;4072;3758;3812;3812;4175;4149;3860;4037;3970;3870;3713;3671;3769;3719;3796;3866;3842;3849;3902;3927;4016;4112;3965;4128;3736;3678;
4306;4201;3818;3727;4338;4496;4047;4420;4060;3997;3747;3960;4373;4177;4585;3990;4463;3821;4361;3971;4518;4567;4103;3519;3830;4279;3708;4062;4097;4166;4153;3798;4178;3913;3927;4121;4540;4393;4333;3944;4175;4053;4332;4062;4220;4539;4141;4308;4059;3653;4068;4045;3640;4196;4579;4095;4126;3975;4177;4115;4121;4076;4361;4213;4109;3823;3720;4051;3971;4140;4219;4024;4200;4090;4245;4148;3768;4222;3953;3903;
4077;4126;3697;3737;4067;4330;4074;4165;3920;4111;3691;3784;4144;4070;4481;4279;4252;3743;4347;3910;3929;4417;4239;3604;3542;4008;3677;3838;4030;4170;4164;3976;4260;3700;4032;4072;4187;4449;4060;4083;3979;4111;3999;3980;4174;4659;4224;4377;4401;3526;4270;4022;3691;4156;4393;3919;4159;3765;4078;4164;3733;3828;4341;4067;3895;3668;3786;3819;3741;4280;4085;4198;4236;4133;4109;4114;4055;4084;3788;3896;
4158;3941;3925;3841;3982;4187;4102;4246;4096;4112;3703;4016;4335;4060;4347;4092;4273;4195;4264;4412;4174;4525;4208;3661;3941;4290;3586;3974;4155;4196;4129;3849;4070;3874;4277;3710;4684;4619;4190;3987;4168;4047;4196;4126;4256;4483;4077;4165;4376;3771;4355;3761;3782;4035;4270;4054;4051;4246;4085;4002;4013;4272;4356;4264;4271;3710;3903;4009;3918;4262;4317;4354;4536;3872;4414;4400;4082;4527;3907;4130;
4047;3871;3772;3663;3840;3844;3989;4184;3643;3742;3606;3864;4328;3998;4084;3814;4070;3749;4148;4023;4159;4377;3924;3714;3551;4001;3732;3762;3957;3954;3812;3587;3828;3519;3877;3597;4025;4117;4099;3892;4092;3858;4016;3930;3828;4465;3903;3998;4164;3616;4004;3632;3554;3930;4358;4009;3909;3750;4036;3714;3806;3946;4130;3938;3994;3569;3614;3819;3766;3985;3945;3954;4052;3853;4168;4047;3857;4266;3773;3891;
4186;4007;3788;3676;3922;4206;4145;4208;4198;3860;3769;3992;4285;4199;4406;3856;4085;3780;4083;4108;4216;4478;4042;3655;3625;3996;3637;4200;4109;3996;4012;3757;4312;3841;3903;3843;4330;4337;4130;3871;4202;3748;4293;3925;4204;4356;4068;4174;4049;3490;3967;4003;3686;4007;4186;3993;4111;4085;4260;4091;3961;4146;4181;4183;4136;3882;3905;3824;3944;4064;3928;3892;4351;4096;4036;4105;4353;4183;3869;3972;
4046;4023;4004;3674;3767;4231;3884;4034;3864;3819;3451;3934;4192;4052;4502;4269;4213;3636;4168;4344;4235;4492;4136;3793;3736;3909;3521;4076;4156;3977;3987;3811;4146;3972;3896;3919;4449;4377;4192;4145;3866;4054;3943;3945;4201;4458;3988;4248;4258;3529;3743;4096;3527;3728;4344;3639;4003;4186;4403;4086;3893;3895;4348;4153;4082;3853;4011;3847;3761;3926;4155;4043;4252;4021;4256;4258;4341;4038;3774;3552;
4228;4062;3900;3753;4122;4448;3878;4322;4205;3957;3955;4030;4308;4012;4413;3960;4216;3958;4297;4221;4257;4564;4196;3807;3871;4483;3820;4083;4101;4210;4142;3903;4212;3857;3841;3846;4374;4532;4118;3832;4091;4058;4226;4112;4219;4256;4261;4176;4388;3595;4285;3798;3780;4040;4290;4100;4124;3976;4182;4089;4171;4094;4386;4091;4061;4062;4012;3989;4039;3954;4014;4289;4417;4192;4185;4244;4126;4383;4039;3794;
4117;3846;4040;3945;3741;4212;4064;4208;3977;3799;3647;3888;4308;4202;4443;3985;4223;3900;4456;4019;4286;4436;4183;3579;3672;4253;3962;4020;3855;4118;4060;3731;4179;3642;3991;3836;4326;4412;4283;4063;4082;4021;4222;4129;4195;4633;4042;4283;4294;3605;4086;3876;3739;4017;4405;4235;4134;4096;4073;4095;3909;4044;4356;4205;4016;3899;3881;3931;3982;4160;4187;4313;4423;4162;4306;4309;4112;4315;3999;4234;
3823;3581;3476;3424;3690;4010;3524;3876;3852;3539;3589;3723;3882;3808;4189;3646;4136;3689;3946;3638;3952;4218;3788;3279;3437;3813;3430;3709;3676;3772;3535;3588;4059;3269;3637;3607;4096;4082;3950;3684;3610;3644;3878;3916;3881;4064;3872;3993;4008;3251;3906;3676;3285;3772;4149;3775;3645;3821;3934;3902;3824;3696;4053;3761;3625;3552;3602;3665;3461;3839;3887;3825;3901;3992;3667;3786;3726;3868;3682;3782;
4130;3926;3614;3646;3741;4157;3848;4127;3789;3914;3680;3867;4196;4162;4093;3895;4337;3834;3915;4141;4166;4528;3749;3660;3762;3903;3502;3887;4013;3959;3780;3755;4188;3741;3957;3944;4235;4268;4158;3856;4216;4105;4028;3884;4122;4471;3879;4269;4298;3596;4048;3731;3653;3986;4105;4089;3946;4028;4164;3954;4123;4094;4300;3835;3795;3718;3884;3991;3798;3959;4152;4022;4303;4196;4147;4044;4017;4078;3726;3707;
3885;3624;3530;3566;3660;4062;3756;4076;3856;3668;3434;3794;3976;3906;4043;3820;3972;3749;3979;3802;4044;4088;4027;3618;3526;3863;3665;3748;3759;3891;3813;3533;3894;3479;3846;3522;3833;4140;3830;3795;3684;3718;3893;3710;3928;4314;3841;3837;3872;3220;3725;3556;3371;4024;3901;3762;3968;3647;3850;4012;3603;3965;3965;3905;3832;3546;3886;3597;3792;3751;3678;3789;4032;3850;3840;3915;3940;4153;3826;3679;
4482;4282;4067;4196;4137;4553;4287;4473;4266;4490;3970;4603;4538;4231;4869;4213;4625;4137;4626;4188;4596;4800;4374;4124;3755;4256;4037;4405;4323;4386;4353;4348;4295;3902;4243;4273;4821;4608;4475;4399;4357;4462;4410;4469;4431;4739;4224;4583;4543;3771;4306;4176;4053;4442;4537;4430;4342;4370;4311;4091;4398;4311;4519;4241;4390;3937;4097;4297;4214;4207;4471;4454;4464;4271;4530;4657;4383;4697;4190;4310;
4234;3962;3999;3721;4080;4389;4112;4336;3991;4124;3761;4007;4587;4056;4381;4135;4320;4088;4454;4399;4330;4546;4068;3812;3884;3930;3923;4198;4172;4038;4167;3750;4291;3766;3939;3922;4407;4498;4425;4095;3997;3914;4270;3930;4164;4871;4122;4355;4347;3714;4051;3951;3934;4057;4279;4108;3973;4105;4129;4071;4134;4010;4464;4062;4187;4088;4138;3741;3985;4233;4041;4227;4272;4182;4287;4266;4306;4402;3880;4180;
3617;3615;3470;3582;3489;4008;3785;3999;3619;3818;3507;3721;3971;3796;4169;3738;4103;3546;4019;3745;4097;4233;3943;3688;3486;3915;3348;3740;3852;3651;3774;3763;3768;3540;3953;3630;4267;4089;3787;3605;3972;3913;3952;3903;3985;4242;3891;4076;3924;3439;3658;3711;3404;3656;4104;3732;3911;3781;3682;3743;3587;3822;4211;3936;3639;3537;3806;3500;3570;3959;3948;3780;3976;3656;3775;3915;3791;4031;3655;3767;
4267;4016;3945;3875;4133;4328;4210;4293;3945;4026;3718;4055;4035;4068;4351;3954;4042;4109;4075;4352;4303;4690;4203;3804;3921;4315;3825;4111;4118;4006;3961;4193;4217;3895;4076;3794;4793;4395;4373;3678;4081;3993;4257;4234;4221;4409;4084;4066;4342;3858;4093;3970;3666;4038;4439;4072;3911;4152;4285;4193;4174;4088;4357;4072;4054;3870;3887;3860;4080;4207;4029;4304;4275;4209;4308;4164;4062;4225;4015;3974;
4164;3732;3874;3632;3736;4237;4166;3993;3752;3785;3753;3832;4195;4057;4259;4036;4224;3741;4075;4001;4398;4645;3937;3717;3494;3851;3423;4071;3907;3851;3866;3689;4119;3795;3935;3819;4290;4351;4098;3962;3783;3799;4054;4194;4149;4345;3738;4231;3898;3361;3947;3699;3503;3891;4297;3874;3879;3910;3926;3901;3864;4042;4376;4077;3962;3575;3782;3848;3714;3907;4173;3870;3928;3967;4174;4048;4190;4091;3792;3944;
4196;4016;4136;4063;4217;4638;4170;4253;4300;3892;3849;4094;4372;4073;4671;4197;4548;4295;4432;4204;4533;4669;4230;3864;3777;4387;3984;4221;4118;4097;4180;3930;4319;3850;4108;4163;4364;4568;4385;4171;4261;3967;4181;4248;4356;4428;3971;4432;4205;3599;4301;3836;4014;4387;4417;4252;4387;4182;4364;4149;4328;4486;4368;4245;4257;3916;3843;4029;4184;4233;4247;4418;4273;4334;4355;4314;4145;4443;4126;4232;
4586;4374;4402;4117;4473;4789;4611;4745;4613;4409;4203;4449;4831;4826;4850;4503;4874;4336;4762;4682;4621;4937;4571;4140;4087;4444;4174;4347;4433;4520;4538;4344;4592;4079;4446;4430;4700;4813;4637;4482;4672;4368;4854;4554;4711;5292;4433;4605;4709;3931;4376;4150;4121;4608;4799;4641;4646;4550;4559;4382;4559;4600;4745;4580;4264;4200;4389;4387;4536;4532;4622;4912;4909;4647;4856;4616;4707;4629;4638;4182;
4160;4031;4129;4075;4097;4513;4251;4289;4055;4329;3870;4109;4309;4391;4611;4025;4416;4013;4440;4215;4517;4631;4267;4037;3860;4108;3916;4030;4185;4106;4146;3830;4389;3952;4171;4015;4463;4699;4300;4067;3982;4108;4448;4278;4096;4848;4303;4447;4326;3939;4386;3954;3973;4388;4588;4172;4350;4282;4187;4257;4091;4449;4540;4112;4401;3825;4117;3959;4065;4241;4428;4200;4370;4083;4470;4361;4150;4609;3994;4056;
3920;3757;3764;3751;3848;4081;3987;4049;3888;3681;3554;3816;4093;3910;4294;3829;4311;3884;4299;4120;4274;4515;4121;3617;3790;3920;3680;3718;3778;3932;3916;3817;4155;3520;3853;3766;4144;4245;4111;3746;4192;3702;3980;3807;4108;4201;3869;4010;4297;3343;3889;3626;3497;3966;4201;3983;3843;3877;4324;3846;3783;3949;4198;3973;4068;3661;3727;3764;3778;4011;4100;4146;3987;3905;4072;4291;3824;4446;3927;4038;
3914;3843;3648;3543;3757;4101;3946;4207;3822;3611;3689;3816;3971;3947;4315;3703;3897;3643;4185;4086;4028;4251;3989;3405;3746;3995;3788;3744;3971;3913;4016;3787;4188;3555;3663;3675;4014;4283;4173;3943;3793;3913;4083;4031;3905;4511;3811;4161;4061;3410;3771;3872;3598;4067;4225;4171;3826;4037;4035;3978;3848;3902;4032;4093;3936;3524;3785;3620;3864;4018;3884;4037;4050;4006;4174;4201;4142;4184;3862;3946;
4240;3995;3857;3777;3995;4558;4237;4335;4096;4011;3752;4087;4266;4346;4576;4190;4308;3928;4462;4410;4421;4671;4254;3951;3898;4442;3693;3852;4058;4062;4149;3927;4495;3724;3893;3777;4372;4541;4264;3872;4044;4136;4288;4161;4171;4499;4270;4142;4428;3820;4039;3679;3721;4430;4502;4086;4123;4234;4223;4168;4106;4065;4483;4040;3940;3823;3723;3850;4192;4271;4172;4441;4246;4132;4385;4105;4215;4276;4099;4021;
4524;4229;4200;3910;4186;4498;4493;4401;4210;4179;4229;4309;4575;4339;4374;4331;4649;4343;4545;4534;4403;4811;4433;4006;4014;4212;3973;4380;4176;4365;4453;4168;4352;3990;4354;4117;4630;4699;4398;4306;4247;4371;4586;4499;4407;4827;4043;4577;4491;3771;4306;4017;3961;4145;4636;4265;4430;4196;4452;4293;4518;4273;4533;4483;4322;4102;4202;4097;4476;4300;4318;4490;4585;4510;4546;4718;4643;4793;4345;4335;
4376;3892;3901;3738;3845;4172;4119;4142;4151;4154;3750;4061;4206;4197;4469;4135;4286;4013;4057;4267;4338;4674;4117;3938;3766;4056;3672;4162;4057;4135;4234;3820;4194;3872;4045;3921;4393;4550;4306;3960;4070;3973;4271;4102;3939;4622;4012;4209;4071;3588;4035;4046;3820;4171;4273;4043;3926;3982;4393;4237;4037;4110;4082;4118;4196;3906;3958;4035;4081;4052;4103;4081;4188;4184;4507;4166;4162;4283;3994;3967;
4078;3890;3973;3573;3788;4129;4069;4125;3914;3964;3707;3824;4144;3877;4404;4120;4145;3883;4184;4076;4125;4214;4103;3680;3582;4133;3849;3907;3937;4029;4112;3780;4073;3649;4127;3703;4267;4340;3979;3713;3868;4002;4048;3766;4189;4662;4024;4242;4151;3509;4033;3780;3648;3970;4212;4206;4130;3843;4113;4005;4010;3871;4125;4067;3842;3629;3840;3789;3940;4026;4032;4024;4296;3955;3974;4213;3931;4228;3807;4002;
4483;4150;4108;4026;4294;4551;4186;4383;4035;4126;3921;4051;4525;4293;4580;4179;4281;4037;4409;4261;4475;4917;4526;3873;3995;4294;3880;4323;4238;4427;4282;4109;4195;4155;4131;4195;4523;4740;4532;4327;4292;4222;4348;4309;4385;4609;4235;4450;4432;3694;4145;4118;3942;4239;4662;4168;4190;4381;4533;4013;4145;4366;4368;4399;4321;3874;3926;3939;4206;4124;4332;4495;4537;4504;4368;4409;4289;4344;4136;4022;
4294;4308;3955;4048;3950;4590;4324;4445;4265;4067;4338;4002;4562;4336;4600;4109;4410;4088;4342;4453;4429;4733;4302;4106;3979;4250;4015;4140;4229;4159;4155;4083;4419;3905;4330;3971;4508;4720;4490;4124;4283;4245;4264;4506;4435;4510;4386;4369;4408;3908;4430;4065;4027;4642;4656;4179;4348;4371;4558;4350;4320;4366;4524;4289;4318;4051;4016;4185;4337;4302;4303;4778;4298;4495;4429;4250;4133;4327;4228;4062;
4390;4050;3979;4046;4275;4695;4121;4317;4240;4100;4036;4400;4813;4585;4743;4185;4669;4235;4364;4506;4381;4743;4376;4034;4040;4261;3893;4068;4283;4431;4240;4114;4606;3978;4249;4195;4629;4547;4576;4174;4189;3996;4474;4149;4218;4677;4267;4610;4421;3978;4366;3998;3972;4332;4785;4372;4293;4407;4541;4641;4235;4351;4513;4461;4271;4199;4103;4151;4048;4569;4516;4157;4368;4378;4459;4509;4366;4490;4471;4268;
3982;3760;3578;3562;3760;4288;3811;3959;3849;3838;3553;3711;3945;4067;4142;3948;4238;3787;4018;4193;4185;4345;4015;3941;3641;4070;3464;3886;3888;3957;3971;3807;3967;3719;4053;3740;4082;4231;4080;3913;4148;3914;4081;4307;3977;4096;3861;3911;4053;3597;3946;3862;3327;3920;4255;3937;3995;4136;3913;3811;3705;4034;4175;3815;3623;3797;3515;3724;3783;3970;4038;4287;4153;4335;4079;3910;3681;4252;3903;3625;
4098;3783;3801;3796;3884;4330;4054;4044;3780;3795;3620;3698;4122;3983;4251;3744;4134;3900;4167;3950;4250;4433;4098;3794;3617;4074;3580;3913;3817;3972;3956;3793;3999;3700;3832;3865;4191;4266;4285;3925;4041;3957;4134;4009;4205;4466;3792;4081;3894;3494;4048;3620;3614;3808;4169;4052;4008;3902;3828;3964;3912;4029;4174;3908;3911;3843;3776;3723;3848;3945;3971;4189;4084;3784;4344;4135;4007;4273;4069;3890;
3686;3624;3601;3646;3569;3699;3864;3884;3916;3716;3536;3647;3905;3925;4011;3766;3975;3733;3908;3849;3957;4282;3897;3536;3385;3912;3501;3757;3669;3638;3706;3471;3965;3466;3777;3359;4079;4040;3771;3488;3826;3833;3861;3655;3818;3993;3997;3837;4028;3318;3547;3647;3482;3822;3818;3734;3547;3786;3869;3629;3648;3751;3777;3675;3832;3317;3601;3669;3640;3875;3776;3866;3977;3700;3755;3870;3754;3979;3671;3704;
