2131;1985;2080;1789;1962;2099;1865;1879;2009;2019;1946;1741;1964;2089;1877;1875;2047;1821;2134;1929;2084;1913;2201;1653;2140;2084;2178;1929;1952;2039;1964;2004;1961;1833;2208;2053;2136;1983;2206;1880;1965;2128;2265;1997;2198;1917;2023;1878;2257;2186;2098;2016;1899;1720;2113;2117;1906;1968;2058;2361;2188;2147;1998;1975;2038;2060;2125;1885;2001;2241;1891;1955;1955;2131;2260;1758;2091;1923;1973;2126;2212;1786;1847;1874;2161;2296;2026;2272;1993;1944;1968;2062;2028;1931;2003;2026;2003;1881;2074;1979;
2211;1935;2108;1902;1808;1987;1889;2047;1825;1749;1817;1924;2051;2194;1904;1911;2057;1867;1841;1888;2126;1840;2081;1739;2049;2266;1917;1880;1873;2224;1993;1939;1996;1692;2201;2191;2121;1938;2091;1890;1961;2117;2117;2145;2030;1942;1928;1967;1999;2072;2134;1907;1906;1848;2077;1946;2013;1963;2054;2431;2116;1910;2030;1896;1950;2087;1791;1913;1932;1989;1787;1980;1788;2084;2187;1640;2185;2040;1986;2273;2127;2049;1938;1811;2160;2049;1745;2039;1944;1879;1962;2108;1945;1981;2041;1935;1867;1702;2077;2041;
2043;2328;2336;2003;2310;2289;2052;2278;1992;1978;2091;2122;2150;2375;2137;2135;2216;2078;2074;1952;2356;2096;2328;1949;2245;2316;2399;2171;2228;2313;2193;2058;2297;2024;2546;2379;2144;2136;2239;2088;1929;2305;2465;2351;2432;2218;2189;2313;2224;2394;2390;2139;2087;2173;2297;2230;2209;2253;2353;2561;2346;2182;2054;2163;2243;2092;2158;2107;2162;2399;2047;2124;2097;2459;2321;1938;2362;2222;2277;2445;2339;1811;2196;2211;2330;2325;2156;2377;2293;2303;2174;2211;2167;2300;1948;2196;2032;2049;2206;2040;
2227;2472;2222;1986;2144;2196;1981;2161;2208;2020;2130;2153;2057;2432;1961;2169;2115;2067;2197;2110;2292;2056;2302;1937;2074;2198;2323;2225;2227;2138;2188;2095;2154;1992;2346;2194;2234;2246;2332;2131;2021;2368;2327;2267;2349;2206;2251;2259;2347;2358;2222;2002;2085;2023;2368;2207;2157;2229;2354;2437;2478;2376;2149;2122;2244;2131;2187;2111;2107;2383;2102;2102;2132;2383;2465;1860;2410;2272;2127;2439;2340;1976;2133;2084;2429;2355;2084;2389;2109;2073;2205;2173;2162;2073;2136;1990;2042;2117;2406;2203;
1888;1646;1858;1623;1751;1806;1797;1841;1613;1560;1696;1697;1751;1870;1797;1634;1743;1482;1830;1658;1899;1767;2087;1578;1750;2070;1825;1847;1668;1948;1799;1696;1900;1602;1888;1808;1831;1764;1844;1792;1724;1862;1952;1919;1965;1937;1911;1806;1809;1833;1840;1581;1769;1620;1781;1721;1871;1784;1889;2183;2058;1757;1758;1736;1812;1902;1657;1713;1748;1909;1846;1816;1728;1818;1965;1704;1907;1906;1805;1834;2023;1647;1716;1748;1841;1898;1751;1993;1785;1757;1737;1675;1730;1672;1767;1758;1683;1493;1746;1823;
1898;2012;1974;1787;1809;2067;1803;1896;1793;1681;1896;1848;1811;2151;1870;1901;2132;1647;1894;1850;2002;1983;2095;1801;1810;1877;2066;1984;1864;2025;1910;1899;2045;1764;2226;2090;1872;2005;2039;1943;1928;2011;2047;2005;2049;2056;1885;2019;2020;2169;2060;1778;1864;1910;2074;2039;1948;1878;2047;2256;2085;1863;1892;1874;1698;1948;1889;1799;1745;2092;1851;1892;1847;2000;1849;1729;2015;2095;2012;2055;2151;1647;1878;1824;2096;2020;1842;2306;1945;1842;1891;1778;1878;1778;2002;2074;1773;1642;2016;1939;
1764;1720;1925;1708;1723;1781;1666;1721;1745;1707;1722;1704;1664;1966;1622;1644;1842;1727;1831;1836;1963;1756;1999;1561;1821;1837;1964;1846;1962;1976;1822;1702;1916;1515;1942;1861;1979;1724;2044;1811;1723;2011;1810;1867;1924;1734;1971;1917;1950;1945;1959;1634;1678;1561;1721;1723;1732;1750;1936;2156;2084;1852;1913;1783;1785;1884;1668;1626;1771;1787;1608;1885;1693;1848;1853;1505;2035;1766;1918;1994;1960;1729;1563;1719;2066;1991;1814;2242;1792;1721;1714;1776;1814;1703;1877;1711;1737;1675;1830;1923;
2226;1952;2068;2010;2012;2026;1754;1912;1955;1853;1829;1967;2039;2203;1739;1841;2047;1991;1986;2095;2014;1906;2170;1881;2057;2255;2061;1894;1838;2134;1954;2031;1987;1642;2374;2060;2168;1918;2420;1968;1967;2133;2256;2148;2100;2017;2124;2001;2100;2123;2226;1817;1831;1794;2118;1979;2081;1956;2024;2381;2264;2038;2024;2025;2093;2027;1929;1897;1909;2088;1821;1964;1952;1920;2040;1665;2356;2039;2041;2293;2232;1844;1852;1953;2037;2276;1950;2387;1961;2013;1862;2026;1849;1953;2080;2005;2050;1905;2020;2002;
2023;1980;2186;1862;1963;1995;1910;1976;1921;1723;1850;1960;1902;2148;1900;1965;2015;1824;1875;1971;2238;1901;2143;1775;2000;2163;2038;2040;1937;2171;2038;1832;2056;1773;2189;2028;2003;2077;2155;1991;1981;2360;2180;2148;2169;1826;2033;1910;2125;2096;2122;1998;1981;1884;2179;2236;2073;2132;2112;2335;2295;2019;2000;1948;1972;2029;1954;2055;2020;2149;2017;2026;1790;1977;2151;1728;2209;2133;1952;2175;2001;1873;2084;1915;2198;2136;1858;2255;1980;1833;1922;2012;1903;2037;1948;1953;2042;1857;2136;2066;
2246;2056;2227;2018;2008;2137;2141;2016;2179;1829;2048;2124;2046;2248;2083;2141;2113;1928;2150;1875;2228;2002;2137;1755;2106;2152;2143;2214;2077;2301;2199;1997;2190;1818;2221;2229;2140;1966;2305;2032;1959;2070;2373;2160;2100;2140;2143;2030;2227;2364;2301;1893;2107;1929;2048;2176;2159;2079;2263;2480;2344;1992;1968;2223;2023;2137;1953;2161;2090;2187;1872;1963;1890;2174;2105;1947;2305;2130;2180;2340;2396;1947;1955;1866;2205;2315;1930;2159;2092;2139;2030;1929;1926;1989;2070;2112;2032;1889;2173;2135;
2165;2177;2089;2026;2136;2257;1964;2140;1901;1947;1981;2073;2096;2348;2062;2087;2178;2071;2164;2016;2149;2106;2370;2038;2004;2166;2179;2114;1939;2445;2080;1990;2268;1901;2580;2193;2228;2119;2236;2024;1951;2167;2337;2146;2245;2237;2133;2150;2232;2144;2306;2128;2172;1972;2318;2194;2171;2043;2222;2548;2405;2132;2086;2118;2285;2152;2109;2142;2010;2316;1969;2043;1896;2171;2151;1984;2324;2227;2065;2243;2349;1900;2134;1915;2168;2318;2078;2463;2049;2061;1909;2308;2122;2209;2145;2044;1989;1924;2222;2005;
2233;2074;1994;1843;2048;2163;2058;2248;1885;1991;2037;1967;2091;2269;2004;2037;2281;1930;2148;1927;2289;2061;2361;1771;2140;2197;2120;1974;1983;2281;2125;1933;2183;1836;2273;2129;2329;2015;2228;1979;2011;2328;2217;2229;2230;2054;2066;2072;2358;2227;2217;2058;2116;1882;2181;2197;2180;2113;2205;2490;2379;2085;2123;2156;2064;2108;1961;2161;1856;2147;1967;2030;1929;2218;2274;1915;2049;2296;2123;2302;2374;2035;2091;1969;2075;2197;2036;2251;2173;2007;1953;2076;2076;2151;2108;1969;2001;1785;2220;2061;
2135;1949;1952;1883;2050;2028;1971;2090;1899;1894;1917;1915;1883;2203;1918;1867;1947;1838;2009;1935;2098;1958;2283;1731;2018;2183;2106;2149;1890;2284;2118;2091;2108;1721;2254;1990;2050;1983;2097;1900;1804;2070;2334;2105;2119;1998;2108;2060;2108;2158;2119;1781;1877;1882;2067;2173;1952;1975;2073;2263;2188;2034;2028;1951;1974;1971;2029;2077;1960;2138;1980;2021;1935;2077;2083;1793;2117;2008;2021;2196;2068;1896;2086;1924;2108;2189;2057;2117;1990;1969;1940;1983;1959;1984;1896;1909;1838;1790;2015;1902;
2089;2023;1861;1919;1790;1955;1824;1938;1775;1565;1707;1836;1891;2137;1918;1692;1907;1803;1991;1929;2097;1707;1981;1790;1993;2086;1873;1845;1867;2047;2020;1839;1938;1677;2198;1973;1888;1949;1904;1770;1833;2044;2104;2089;1994;1886;1984;1997;2228;2025;1988;1807;1773;1837;2005;2088;2144;2091;2096;2177;2185;1958;1718;1755;2025;2022;1813;1870;1828;2040;1750;1963;1654;2145;2098;1661;2059;2064;2084;2265;2015;1752;1823;1767;2302;2080;1816;2090;1897;1843;1820;1794;1944;1881;1934;1968;1831;1838;2059;1997;
2074;1901;2039;1936;1907;1918;1752;1903;1818;1657;1856;1808;1939;2220;1764;1728;1952;1800;1926;1889;1997;1864;2123;1704;2051;2073;2000;1993;1847;2001;2050;1905;2085;1768;2065;2082;2083;2007;2156;1960;1916;2071;2123;2264;2140;1969;1951;2018;2016;2172;2174;1967;1848;1909;1945;2013;2006;2025;2077;2431;2246;2004;1836;1996;1780;2040;1935;1908;1940;2028;1856;2010;1813;2045;2064;1667;2244;2012;2250;2312;2250;1755;1907;1881;2122;2093;2067;2018;1929;1992;1923;1913;1966;2037;2035;1989;1817;1890;2099;2172;
2217;2196;2084;2004;2047;2110;1976;2010;2033;2093;2105;1953;2012;2152;2140;2243;2033;1817;2182;1949;2262;1794;2142;1838;2026;2041;2196;2062;2067;2277;2214;1978;2237;1935;2176;2226;2156;2098;2192;2076;2023;2124;2285;2256;2247;2011;2390;2098;2215;2175;2109;2102;1929;1982;2135;2039;2279;2162;2256;2440;2180;2065;2068;2069;2004;2176;2064;2074;1968;2199;1927;2037;2046;2193;2195;1756;2208;2101;2013;2263;2282;1926;1969;2133;2193;2221;2022;2245;2158;2148;2158;2101;2003;2148;2240;2018;2016;2010;2221;2193;
1946;1995;1900;1921;1972;2095;1843;1939;1860;1703;1880;1914;1808;2170;1809;1875;2020;1883;1917;1897;2118;1852;1967;1780;2001;2012;2094;1964;2009;2035;1964;1568;2086;1679;2111;1948;1962;2056;2028;1874;1911;1998;2038;1871;2044;2139;1981;2032;2029;1983;1999;1862;1800;1941;2185;2002;2013;1974;2041;2390;2012;2015;1888;1779;1957;2008;1856;1957;2021;2017;1638;1913;1792;2095;2040;1822;2099;1855;1906;1975;2149;1641;1907;1841;2242;2045;1784;2111;2025;1929;1858;1969;1761;1878;1837;1912;1797;1800;1980;1779;
2073;2200;2164;2013;2120;2325;1998;2038;1969;1903;2017;2086;1983;2327;1983;2081;2113;1880;2207;1903;2121;1928;2231;1980;1961;2275;2268;2237;2168;2282;2183;1838;2197;1851;2222;2200;2106;2108;2177;2109;2074;2171;2284;2229;2344;2149;2146;2194;2201;2189;2187;2000;1880;2013;2120;1915;2265;1883;2226;2513;2283;2078;2182;1975;2097;2169;1895;2015;1973;2216;1867;2151;2087;2300;2319;1793;2265;2209;2297;2290;2317;1838;1953;2065;2352;2276;1972;2323;2081;1980;2048;2009;2012;2050;2058;2098;1959;1845;2013;2205;
1887;2081;2008;1774;1913;1934;1651;1770;1981;1882;1883;1908;1685;2137;1751;1795;1886;1777;1828;1887;2023;1784;2035;1560;1838;1974;2024;2082;1972;1947;1896;1877;1834;1713;2016;1944;2113;1924;2127;1858;1832;2117;1940;2124;1974;1815;1881;1950;1940;2124;2086;1773;1846;1777;1848;1906;1790;1843;2065;2143;2044;1996;1867;1890;1896;1819;1765;1913;1884;2103;1775;1913;1777;2005;2148;1512;2177;1876;2038;2276;2133;1635;1719;1764;2073;2077;1859;2113;1850;1831;1893;1921;1893;1726;1814;1695;1852;1790;2015;1820;
2045;1818;1869;1695;1885;1771;1827;1826;1880;1729;1900;1855;1773;2107;1701;1797;1974;1790;1804;1611;1969;1808;2074;1598;1968;1917;1932;1914;1879;2159;1929;1666;1967;1466;2139;2006;1947;1932;2103;1758;1847;2068;1956;1972;2039;1905;1795;1940;1941;1962;1929;1858;1810;1717;1962;1795;1836;1834;1996;2338;1929;1928;1916;1807;1803;1890;1888;1896;2099;1911;1734;1831;1717;1953;2060;1758;1974;1911;1983;2008;2073;1721;1825;1643;2145;2110;1731;2018;1933;1744;1768;1908;1961;1776;1997;1861;1842;1659;1980;1966;
2167;1914;2049;1905;1952;2127;1965;1979;1833;1846;1970;1938;1886;2199;1902;1871;2177;2058;1968;2069;2185;2122;2200;1902;2023;2149;2048;2126;2050;2431;2108;1833;2221;1723;2167;2129;2061;2027;2116;1990;1876;2070;2330;2167;2145;2119;2053;2086;2108;2075;2161;1988;1954;2027;2095;2172;2057;2003;2180;2420;2159;2049;1892;2132;1975;2111;1887;1926;1927;2115;1866;2244;1843;2222;2129;1790;2153;2189;2012;2238;2090;1696;1992;1957;2307;2201;2057;2147;1977;1949;1708;2098;1939;2079;1951;1889;1853;1962;2058;2083;
2318;2149;2221;1807;1917;2024;2101;2061;1917;1802;2006;2115;2015;2002;1994;2121;2079;1927;1871;1917;2150;2037;2158;1851;2071;2186;2070;1981;1857;2102;2050;1957;2121;1838;2313;2238;2092;2106;2214;2043;2131;1994;2261;2195;2139;2158;2081;1988;2080;2311;2261;1946;1975;1977;2155;1994;2089;1986;2092;2457;2329;2133;1997;1916;1869;2018;1870;2014;1992;2158;1902;1931;1905;2134;2149;1769;2214;2292;2123;2149;2215;1895;2067;1953;2315;2167;1946;2202;2052;2006;1952;2044;2029;1910;2031;1973;2017;1776;2061;2133;
1757;1853;1821;1721;1774;1951;1812;1819;1744;1700;1820;1912;1934;2073;1773;1924;1943;1612;1861;1715;1961;1808;1979;1737;1949;2015;2027;1758;1861;2010;1798;1689;1926;1642;1951;1826;1957;1891;2026;1680;1741;1921;2015;1672;1882;2003;1792;1868;2070;1975;1964;1753;1946;1715;2077;2060;1882;1772;2003;2264;1972;2019;1751;1854;1800;1764;1814;1866;1962;2020;1534;1712;1756;1984;1870;1739;2072;1864;1724;1890;2024;1635;1779;1738;1929;1886;1695;2006;1912;1757;1848;1777;1849;1713;1811;1892;1774;1680;1735;1880;
1915;1859;1854;1542;1785;1759;1587;1600;1631;1620;1609;1697;1643;1950;1700;1636;1733;1447;1808;1685;1956;1741;1920;1557;1743;1879;1765;1851;1850;2037;1676;1656;1750;1588;1862;1866;1830;1864;1908;1685;1796;1893;2000;1929;1850;1611;1652;1696;1835;1872;1981;1938;1800;1758;1754;1999;1882;1793;2050;2163;1957;1982;1665;1770;1826;1856;1647;1738;1749;1960;1638;1792;1694;1897;2019;1491;2012;1887;1879;2123;1861;1486;1603;1680;1971;1964;1892;1936;1636;1693;1669;1809;1782;1906;1714;1488;1708;1657;1919;1827;
2162;2236;2118;1943;2282;2307;1990;2318;1987;2035;2049;2109;2101;2464;2006;2030;2107;2191;2177;2134;2583;2056;2471;1991;2285;2205;2350;2238;2293;2317;2255;2005;2297;1925;2434;2260;2279;2061;2393;2077;2246;2564;2343;2374;2500;2159;2256;2311;2355;2477;2456;2211;1991;2117;2429;2224;2121;2417;2378;2578;2385;2244;2095;2312;2155;2354;2229;2044;2208;2390;2049;2255;2281;2259;2522;1815;2412;2145;2299;2404;2563;2159;2181;2154;2583;2333;2128;2482;2246;2233;2350;2315;2115;2181;2160;2128;2180;2032;2485;2328;
2073;2024;2117;1872;2063;2130;1842;1991;1937;1860;1861;2096;2061;2213;1944;1865;1975;1832;1969;2140;2085;2020;2322;1846;1981;2069;2187;2131;2049;2163;2053;2172;2119;1742;2349;2126;2148;1966;2260;1809;2010;2081;2061;2208;2183;2240;2071;1928;2229;2209;2171;1938;2145;1842;2203;2163;2034;2000;2357;2435;2315;2203;2025;2151;1944;2108;1968;2010;2016;2175;1888;2181;2065;2161;2216;1808;2265;2060;2029;2256;2210;1976;1952;1893;2277;2139;2170;2318;2036;2032;2009;2057;2063;1976;2069;2113;2012;1902;2200;1929;
2348;2138;2102;2146;2203;2152;2066;2040;2134;2017;1944;2075;2129;2187;2121;2025;2039;2001;2261;1961;2285;1979;2301;1933;2151;2258;2177;2208;1937;2419;2234;2153;2193;1951;2433;2109;2083;2029;2236;1989;2148;2224;2260;2313;2345;2222;2125;2191;2137;2161;2158;1963;1966;2116;2204;2163;2130;2084;2313;2493;2269;2067;2059;2058;2104;2195;2137;2134;2210;2367;1888;2038;2053;2133;2413;1857;2295;2206;2168;2336;2261;1913;2257;2121;2233;2231;2041;2215;2073;2037;2080;2211;2097;2186;2100;2325;1933;2030;2331;2150;
1825;1860;1788;1598;1716;1757;1592;1893;1841;1592;1625;1865;1743;2020;1601;1640;1845;1774;1706;1819;1992;1735;1813;1601;1807;2110;1854;1769;1923;1940;1834;1719;1720;1412;2110;1776;1882;1796;1879;1765;1603;1787;1895;1927;1837;1917;1916;1762;1963;1990;1934;1780;1721;1649;1860;1858;1788;1648;1830;2182;1978;1678;1678;1784;1861;1942;1666;1708;1880;1845;1614;1790;1690;1969;2066;1530;1949;1754;1789;1931;1797;1781;1721;1594;1971;1944;1769;1996;1738;1661;1865;1705;1816;1862;1709;1691;1771;1699;1861;1794;
1984;1889;2152;1792;1849;1909;1916;1850;1856;1710;1836;1897;1828;2029;1871;1805;1915;1898;1900;1895;2098;1946;2083;1787;1993;2030;1958;1880;1998;2159;2003;1982;1982;1762;2233;2130;1971;1961;2049;1915;1879;1999;2094;2218;2089;2027;2125;2097;1935;1995;2071;1892;1860;1895;2028;2060;1921;1928;2057;2423;2137;1986;1893;1996;1968;1976;1923;1833;1870;1879;2008;1900;1763;2119;2055;1662;2244;1946;1950;2012;2146;1925;1961;2006;2200;2049;2000;2130;2004;1898;1930;1962;2042;2029;1931;2092;1807;1876;2068;1998;
2177;2023;2151;1806;1866;2080;1812;1814;1742;1917;2056;1918;1792;2248;1896;1902;1952;1739;1962;1853;2147;1820;2206;1765;2046;2167;2285;1957;1967;2091;2021;1894;2138;1828;2322;2130;2078;2029;2251;1986;1956;2135;1977;2134;2263;1998;1984;2117;1992;2176;2042;1900;1884;1782;2036;1879;1973;2048;2154;2395;2217;1960;2068;1739;1999;2112;1966;1864;2015;2125;1843;1979;1874;2054;2091;1751;2186;2012;2185;2258;2133;1778;1845;1874;2160;2230;1935;2151;1946;1992;1978;1901;1862;1945;2060;2009;1988;1745;2006;2172;
2040;2025;1850;1760;1904;1892;1736;1936;1808;1828;1912;1886;1856;2276;1780;1725;1952;1948;1885;1963;1981;1825;2045;1978;2071;2008;2045;1710;1991;2095;1984;1787;1821;1728;2142;1953;2026;1996;2075;1918;1842;2149;2118;2011;1896;1858;1982;2079;2100;2019;2087;1850;1743;1835;2205;1949;2155;2073;2103;2252;2056;2100;1924;1872;1903;1951;2007;1735;1925;1990;1725;1891;1755;2175;2100;1742;2170;1923;1892;2231;2217;1681;1817;1830;2181;2069;1834;2014;1984;1885;1920;1950;1940;1953;1971;1962;2023;1872;1994;2043;
1803;2006;1747;1749;1926;2102;1729;2145;1803;1756;1900;2033;1777;1997;1740;2081;2033;1676;1875;1685;2007;1818;1976;1702;1798;2036;2005;1892;1881;2190;1922;1780;2091;1748;2194;1945;1922;1912;1894;1880;1837;1872;1836;2025;2061;2026;1941;1999;1935;1955;1973;1897;2021;1749;2005;1912;2070;1797;2001;2339;2003;1891;1863;1969;1994;1965;1785;1793;1754;2011;1679;1938;1812;2079;2076;1701;2095;1989;1949;2024;2091;1620;1903;1636;2098;2182;1780;2182;1942;1801;1881;1848;1892;1980;2029;1977;1774;1725;2060;1917;
2199;1952;1997;1882;1966;1966;1828;1926;1797;1708;1804;1843;1838;2040;1916;1874;1966;1958;1950;1899;2145;1877;2103;1783;2082;2100;2010;1949;2059;2158;2028;1826;1936;1712;2232;2091;2065;1895;2043;1902;1948;2076;2155;1997;2089;1971;2043;2051;2067;2074;2163;1812;1871;1997;1997;1879;1938;2021;1954;2362;2032;1879;1941;1943;2075;2121;1897;1790;1951;2072;1832;2124;1794;2042;2127;1688;2075;1889;1900;2170;2162;1817;1827;1772;2171;2060;1845;2152;2068;2025;1756;2014;1959;1943;1914;1992;1873;1746;2043;1968;
1894;2018;2049;1849;2023;2129;1948;2077;1939;2037;1987;2107;2001;2226;1947;1899;2072;1805;2147;1839;2212;2066;2309;1729;1991;2150;2177;1990;1889;2082;2134;1793;2233;1762;2270;2176;2155;2051;2148;2043;1824;2159;2099;2161;2153;2037;1993;1936;2024;2126;2093;2026;2053;1774;2127;1983;2076;1991;2225;2383;2172;2151;2091;1955;2009;1985;2075;2071;1996;2072;1849;1915;2017;2094;2168;1816;2263;2025;2174;2180;2161;1927;2014;1984;2049;2269;1958;2219;2123;2076;1905;1991;1867;2013;2046;2019;1854;1768;2077;2106;
2069;2291;1983;1808;1969;2106;2013;2038;2029;1850;1900;2188;1961;2288;1870;1871;2116;2007;2036;2142;2163;2055;2306;2016;2130;2218;2253;1952;2072;2157;2111;1911;2173;1668;2272;2205;2162;2123;2247;1835;1954;2184;2120;2319;2055;2177;2072;2122;2286;2205;2259;1957;2145;2037;2234;2262;2196;1945;2288;2376;2189;2123;2199;2065;1971;2102;2036;1913;2009;2136;1714;2092;2019;2153;2261;1826;2289;2063;1988;2292;2252;2016;2001;1898;2281;2116;2071;2217;1981;1958;1999;2003;2088;2049;1846;1852;1926;1858;2127;1930;
2349;2384;2168;2089;2061;2345;2121;2332;2034;1729;2226;2136;2197;2441;2131;2083;2204;2213;2314;2179;2303;2127;2335;2001;2275;2338;2267;2180;2130;2335;2164;2209;2202;1941;2620;2344;2152;2221;2360;2129;2115;2390;2522;2325;2485;2279;2473;2275;2244;2333;2234;2127;2096;1941;2404;2519;2236;2208;2411;2600;2331;2284;2062;2246;2421;2247;2332;2186;2367;2210;2197;2204;2041;2401;2383;1885;2475;2226;2403;2375;2403;2156;2219;2124;2538;2399;2213;2541;2296;2255;2222;2125;2371;2298;2289;2022;2178;2002;2422;2328;
2141;2131;2119;1939;1953;2138;1931;2101;1888;1846;1917;1964;2037;2167;1880;1839;2094;1902;2028;1856;2210;1950;2015;1825;1997;2283;2165;1986;1992;1982;1966;1889;2037;1853;2283;2072;1994;2087;1971;1835;1904;2171;2343;2101;2195;2116;2080;1921;2158;2212;2064;1893;1878;1873;2175;2148;2064;1896;2102;2427;2297;2049;2037;1906;1983;2271;1901;1964;2009;2233;1887;2024;1869;2179;2141;1805;2148;2250;1960;2214;2170;1870;1971;1914;2145;2119;1917;2189;1996;2035;1981;2052;1955;2084;1976;1904;1965;1844;2076;1921;
2066;2076;2136;2058;2119;2080;2122;2155;2116;1960;2075;2069;2038;2237;1868;2136;2170;1953;2107;2038;2322;2079;2202;1833;2090;2251;2122;2164;2094;2338;2210;2079;2164;1939;2231;2180;2270;2037;2383;2101;2105;2270;2198;2305;2294;2003;2160;2131;2203;2277;2239;2104;2051;1923;2183;2119;2113;2019;2189;2659;2378;2257;2084;2147;2114;2054;2021;2173;2114;2124;1973;2112;2034;2289;2307;1825;2429;2111;2177;2162;2379;2128;2166;1996;2331;2210;2147;2288;2077;1877;2099;2110;2116;2027;2177;2060;2047;1980;2225;2164;
2146;2199;2097;2029;2065;2289;2096;2249;2001;1896;1900;2101;2132;2305;1988;2106;2088;2039;1982;2076;2268;2155;2494;2108;2188;2295;2267;2221;1986;2374;2212;2086;2153;1933;2582;2204;2211;2199;2239;1933;2094;2345;2451;2199;2394;2191;2278;2174;2294;2212;2262;2133;2146;2019;2421;2218;2133;2031;2275;2505;2322;2235;2043;2234;2233;2293;2091;2151;2088;2401;2067;2158;2069;2157;2255;1840;2408;2208;2126;2179;2283;2118;2273;2108;2298;2269;2012;2532;2352;2031;2115;2229;2189;2223;2120;2247;2046;1945;2202;2047;
1976;1944;1845;1822;1849;1827;1880;1781;1808;1745;1839;1738;1773;1931;1828;1776;1875;1781;1853;1713;1929;1644;1889;1635;1898;1813;1781;1905;1927;2034;1926;1871;1882;1650;2047;2004;1916;1815;1975;1864;1759;1879;1980;2019;1937;1837;2030;1800;1915;1935;1792;1807;1757;1638;1877;1724;1901;1742;2014;2222;1982;1901;1900;1869;1660;1867;1850;1888;1782;1800;1787;1843;1630;2122;1892;1644;1963;1867;1897;2074;2091;1747;1794;1814;1977;2024;1812;1998;1773;1744;1712;1946;1898;1788;1972;1959;1768;1762;1890;1977;
2142;2143;1933;1846;1819;2044;1868;2048;1715;1654;1817;1885;1998;2183;1810;1820;1888;1921;2083;1989;2082;2025;2126;1793;1954;2106;2012;1987;1970;2121;1991;2010;2033;1702;2337;2024;1986;1929;2061;1755;1987;2033;2215;2133;2115;2077;2179;1872;2116;2077;2074;1800;2061;1837;2143;2105;2094;1885;2166;2252;2385;2041;1811;2033;2048;2057;1920;1958;2007;2164;1663;2093;2033;1986;2077;1758;2108;2054;2102;2272;2174;1961;1921;1831;2178;2043;1859;2255;1963;1983;1868;1973;2034;2032;1937;1855;1870;1780;1948;1761;
2266;2205;2264;1974;2100;2113;1992;1795;2085;1994;2182;1995;1982;2262;1942;1937;2004;2152;2085;1840;2156;1979;2216;1700;2164;2142;2165;2097;2138;2133;2014;1949;1881;1878;2358;2253;2140;2174;2316;2062;2086;2133;2346;2170;2215;2047;2111;2063;2068;2131;2309;2032;1951;1985;2072;2250;2146;2000;2285;2501;2356;2143;2061;2018;2024;2172;1974;2116;2274;2285;2007;2026;1935;2040;2184;1873;2382;2135;2207;2217;2309;1939;2042;2016;2214;2344;1999;2429;1990;2140;2005;2058;2113;1986;2053;2154;2093;1871;2243;2121;
2121;1970;2032;1874;1975;2036;1758;1931;1991;1852;1817;1991;1797;2012;1847;1909;1928;1855;2061;1931;2018;1841;2185;1876;1991;2074;2181;2056;1850;2043;2102;1953;2051;1768;2200;2034;2009;1993;2162;1879;1822;1991;2120;2048;2042;1997;2174;2028;2135;2175;2132;1976;1987;1947;1947;2028;2009;1928;2111;2308;2123;2121;1957;1791;1972;1968;1962;1987;1985;2209;1748;1979;1979;2100;2175;1696;2225;2118;1964;2172;2185;1870;1987;2017;2178;2248;2138;2252;2098;1987;1921;1961;1983;1808;2002;1931;1847;1815;2021;2060;
2237;1960;2095;2038;2004;2115;1968;2018;1938;1932;1893;1933;2017;2173;2044;2079;1942;1749;2004;1811;2157;1945;2350;1928;2072;2116;2144;1950;2036;2290;2183;2013;2200;1905;2270;2099;2121;2068;2137;1855;2093;1991;2331;1991;2159;1961;2161;2058;2258;2157;2214;2156;2190;2051;2132;2079;2181;2059;2135;2492;2313;2167;1964;2069;2016;2210;1941;2002;1947;2179;1783;2155;1962;2273;2287;1860;2216;1921;2103;2238;2369;1960;1910;1926;2296;2278;2003;2232;2169;2015;2056;2202;2003;2134;2137;2125;1917;1764;2057;2069;
2139;2147;2070;1965;2112;2060;1915;2068;2007;1884;1970;2153;1936;2271;1866;2135;2061;2010;2221;1931;2034;1998;2183;1858;2110;2152;2345;2210;2271;2295;2111;1976;2135;1914;2191;2133;2236;2110;2181;2017;1987;2279;2204;2309;2250;2128;2212;2139;2278;2228;2111;2030;2122;1936;2166;2083;2221;1994;2202;2593;2245;2167;2054;2087;2126;2153;1951;2080;2093;2195;1875;2134;1993;2258;2342;1808;2358;2101;2160;2314;2353;2032;1988;1877;2372;2233;2003;2241;2093;2185;2032;2170;2118;1929;2092;2037;1825;1876;2152;2076;
2334;2370;2233;2132;2211;2381;2037;2226;2082;2178;2231;2290;2182;2518;2087;2292;2277;2150;2270;2145;2374;2155;2402;2156;2166;2333;2309;2360;2381;2618;2355;2157;2353;2004;2535;2572;2304;2292;2407;2119;2093;2287;2459;2451;2378;2350;2410;2378;2371;2349;2340;2349;2270;2106;2313;2284;2402;2130;2576;2682;2385;2247;2432;2213;2221;2452;2146;2290;2246;2330;2117;2439;1984;2475;2316;1934;2473;2329;2145;2462;2535;2212;2106;2186;2383;2441;2238;2626;2198;2247;2150;2404;2248;2256;2393;2221;2188;2086;2283;2275;
2164;2133;2090;1916;2055;2230;1940;1954;1971;1824;1843;2056;2145;2319;2008;1870;2032;1966;2169;1917;2125;1949;2381;1853;2239;2257;2325;2015;2003;2211;2172;2128;2077;1822;2487;2140;2099;2142;2342;2035;2031;2152;2310;2211;2168;2092;2181;2072;2279;2226;2314;2086;1984;1949;2168;2223;2169;2120;2164;2598;2225;2214;1982;2091;2022;2086;1968;2121;2107;2305;1844;2065;1999;2174;2128;1854;2277;2144;2100;2329;2299;2008;2022;1942;2247;2337;2095;2406;2159;2148;2159;2095;1997;2014;2042;2014;2061;1920;2231;2145;
2126;2306;2358;2062;2256;2313;2095;2201;1950;1967;1963;2229;2164;2402;2087;1989;2252;1998;2200;2132;2396;2156;2471;1970;2308;2287;2170;2102;2044;2398;2254;2052;2348;1870;2479;2330;2378;2154;2409;2224;2058;2442;2457;2297;2479;2267;2080;2213;2226;2510;2400;2157;2143;2290;2442;2230;2166;2336;2373;2534;2486;2178;2088;2097;2134;2225;2067;2061;2158;2403;2198;2178;2194;2249;2377;1928;2373;2353;2361;2410;2373;2146;2190;2164;2234;2319;2080;2569;2214;2185;2183;2200;2105;2163;2218;2123;1957;2027;2257;2290;
1949;1959;1941;1816;1911;2000;1751;1866;1872;1820;1913;1980;1964;2313;1858;1899;1868;1938;1871;1930;2071;1921;2218;1802;1930;2094;2280;1965;2051;2057;2102;1726;2047;1592;2139;1931;1959;1883;2211;1992;1963;2032;2056;2093;1860;2106;2015;1956;2013;1990;2134;1964;1873;1608;2000;1915;2151;1957;2131;2337;2190;2030;2072;2143;1709;1994;1908;1810;1879;1985;1716;1970;1860;2007;2032;1750;2239;1882;1928;2187;2263;1970;1843;1826;2149;1950;1883;2119;1869;1903;1946;1900;1775;1961;1963;1993;2018;1682;1978;2089;
2432;2233;2388;1923;2171;2370;2124;2287;2356;2081;2245;2115;2221;2525;2142;2151;2322;2075;2156;2117;2496;2311;2499;2008;2307;2579;2456;2456;2167;2278;2151;2233;2353;2057;2610;2406;2177;2283;2521;2203;2125;2416;2409;2496;2551;2375;2357;2127;2387;2481;2346;2000;2273;2139;2393;2317;2264;2343;2458;2615;2672;2364;2157;2272;2288;2299;2294;2165;2137;2261;2119;2169;2224;2455;2496;1992;2574;2473;2287;2600;2543;2037;2250;2292;2451;2631;2239;2548;2241;2161;2145;2204;2162;2185;2311;2343;2216;2136;2330;2406;
1998;2080;1963;1733;1994;2046;1897;1902;1818;1941;1995;1971;2006;2190;1921;1876;2026;1990;2031;1854;2035;2027;2214;1839;2076;1962;2271;1920;2017;2134;2072;1935;2067;1627;2349;2142;2004;2037;2176;1978;1961;2116;2083;2123;2058;2015;2165;1941;2172;2022;2234;1839;2001;1722;2075;1892;2047;1786;2301;2373;2172;2007;2062;2162;1873;2003;1855;1949;1849;2140;1717;1947;1957;2125;1924;1803;2251;2126;1993;2163;2241;1736;1958;1964;2199;2193;1876;2432;1969;1973;1928;1994;2028;1819;2058;2160;2062;1856;2150;2072;
2061;2012;2114;1906;2057;2224;1749;1976;2054;1855;1854;2039;1987;2204;1832;2049;1998;1833;2096;1872;2151;2049;2160;1717;2060;2144;2228;2138;2010;1994;2096;1907;2056;1789;2301;2123;2081;2070;2175;2023;2002;2082;2184;2132;2197;2146;2022;1919;2081;2204;2240;1961;1973;1904;2075;2137;2101;1934;2186;2434;2165;2167;2171;1938;2005;2088;2047;1985;2102;2243;1826;1974;2053;2084;2210;1681;2293;2019;2148;2241;2303;1826;1938;1961;2170;2222;2087;2301;2015;2154;2064;1921;1926;2049;2066;2022;2030;1789;2182;2045;
1795;1572;1863;1637;1727;1773;1710;1562;1584;1620;1613;1622;1651;1777;1639;1702;1703;1510;1541;1667;1804;1552;1979;1536;1709;1877;1791;1747;1697;1786;1718;1602;1684;1526;1745;1740;1790;1768;1935;1690;1682;1816;1777;1788;1780;1800;1680;1758;1766;1841;1770;1762;1700;1534;1702;1708;1746;1769;1757;2052;2055;1881;1635;1671;1544;1775;1682;1695;1563;1802;1671;1815;1514;1794;1751;1439;1872;1833;1719;1804;1960;1468;1434;1543;1924;1885;1593;1838;1633;1539;1500;1673;1728;1576;1724;1753;1602;1629;1657;1771;
2034;2003;1948;1778;1795;2013;1847;1815;1794;1847;1873;1886;1975;1956;1932;1715;1955;1967;1917;1832;2156;1764;2137;1854;2147;2124;2111;1986;1810;2170;1810;1763;2046;1724;2180;1965;2164;1846;2171;1889;1877;1986;1975;2071;2147;2072;1902;1870;2094;1900;2057;1825;1922;1774;1944;2025;1998;1930;2153;2447;2027;1802;1974;2077;2020;1993;1855;1953;1947;2154;1654;1916;1813;2094;2126;1874;2059;2006;1906;2185;1973;1772;2002;1894;2214;2008;1825;2171;1909;1879;1782;2006;1982;1852;1941;2118;1952;1819;1996;2029;
1810;1928;1756;1678;1624;1794;1654;1873;1895;1567;1751;1692;1849;2049;1773;1915;1691;1627;2039;1625;1854;1746;2033;1575;1832;1850;2007;1824;1692;1971;1706;1859;1916;1736;2117;1807;1889;1770;1959;1773;1646;1847;1910;1827;2128;1895;1942;1929;1981;1967;1849;1701;1684;1600;1824;1989;1831;1679;1932;2138;2062;1877;1780;1793;2089;1853;1931;1805;1683;1921;1722;1716;1755;1859;1924;1521;2170;1892;1754;2025;1889;1650;1768;1616;1995;2131;1870;2137;1837;1833;1833;1833;1776;1823;1839;1586;1659;1684;2049;1766;
2209;2243;2059;1928;2016;2019;1953;1944;2030;1732;2030;1972;2025;2306;2005;1877;2010;1916;1996;1903;2137;1985;2285;1826;2104;2050;2173;1886;2030;2097;2083;1801;2077;1930;2358;2176;2132;2169;2235;2076;2014;2144;2086;2109;2051;2004;2110;2175;2229;2109;2216;1962;1904;1861;2125;2105;2196;2026;2132;2361;2440;2102;1937;2013;2080;2108;2010;2073;1970;2234;1836;1921;1894;2174;2232;1909;2211;2037;2036;2154;2327;1728;1966;1828;2399;2176;1981;2276;1928;1944;1994;1958;1913;2045;1953;2005;1983;1885;2215;2099;
2207;1964;2049;1636;2016;2035;1816;1929;1897;1863;1851;1974;1754;2112;1871;1828;2073;1949;1947;2014;2052;2045;2201;1949;1995;2109;2126;1996;2029;2121;2016;1950;2020;1662;2429;2160;2056;1996;2292;1815;1845;2095;2133;2226;2082;2067;2101;1945;2170;2213;2203;2025;1999;1852;2157;2095;1943;2019;2169;2421;2140;1897;1921;2067;2044;2024;1915;1946;1984;2113;1861;1968;1952;2044;2064;1666;2163;1910;1958;2231;2171;1967;1905;1826;2132;2165;1947;2288;2109;2031;2002;2186;1973;1990;1849;1820;1947;1853;2166;1923;
2320;2288;2321;2019;2217;2176;2150;2354;2110;2088;2092;2400;2328;2263;2123;2167;2136;2116;2086;2245;2399;2057;2531;1972;2197;2395;2188;2223;2213;2450;2310;2303;2393;1909;2568;2340;2338;2117;2382;2115;2208;2389;2513;2388;2494;2191;2300;2169;2272;2423;2430;2055;2171;2135;2396;2372;2284;2240;2458;2581;2494;2359;2204;2287;2177;2273;2087;2157;2225;2356;2088;2250;2120;2209;2437;1870;2523;2356;2267;2476;2311;2074;2239;2165;2429;2408;2063;2666;2172;2082;2234;2455;2204;2200;2272;2300;2189;2037;2358;2239;
1910;1801;1852;1756;1737;1796;1610;1751;1829;1662;1645;1889;1842;2032;1652;1737;1717;1780;1821;1672;1850;1799;2002;1631;1966;1911;1969;1787;1761;1733;1854;1707;1857;1711;2094;1886;1933;1902;2029;1708;1670;1976;1934;1883;1975;1932;1799;1796;1817;2011;1838;1684;1830;1686;1987;1847;1898;1718;1904;2134;2109;1787;1752;1666;1894;1803;1811;1789;1807;1983;1676;1718;1641;1691;2076;1539;2163;1834;1948;1960;1864;1793;1860;1787;2018;2012;1763;2038;1799;1859;1838;1838;1716;1658;1964;1895;1680;1737;1893;1883;
2144;1995;2225;1842;2254;2200;2169;2173;1997;2039;2011;2049;2080;2423;2037;2035;2188;2008;2134;2084;2267;2188;2490;1925;2034;2194;2444;2249;2196;2357;2379;2043;2302;1830;2533;2330;2121;2130;2328;2150;2015;2300;2309;2398;2278;2128;2136;2174;2274;2274;2474;2126;2132;2088;2272;2229;2165;1984;2202;2563;2363;2316;2152;2124;2072;2121;1992;2080;2053;2238;1983;2140;2085;2383;2244;1835;2513;2139;2300;2415;2459;2089;2065;2026;2481;2345;2062;2325;2162;2190;2073;2272;2117;2199;2177;2182;2004;1935;2378;2201;
2162;2108;2116;1818;2013;2035;1909;2127;2031;1920;2086;1922;1827;2194;1926;2088;2135;1809;2131;1976;2237;2095;2192;1756;2025;2063;2023;2114;1951;2356;2181;1919;2168;1831;2344;2145;2158;2110;2096;2007;2064;2165;2252;1917;2244;1938;2023;2109;2282;2151;2122;1932;2013;1969;2213;2123;2036;2235;2219;2389;2205;1991;2088;1894;2093;2049;1954;2090;2080;2168;1924;2059;1909;1984;2149;1824;2141;2186;2145;2215;2185;1974;2111;1866;2124;2192;1897;2349;2140;1946;1927;1984;2032;1946;2108;1955;2028;1831;2314;2130;
2181;2119;1942;1841;2061;2089;1980;2103;1941;1984;2047;1998;2003;2171;1990;1981;2099;1918;2056;2032;2078;1911;2199;1831;2114;2176;2203;1998;1972;2202;2085;1874;2201;1764;2190;2079;2255;2026;2155;1927;1964;2167;2249;2164;2225;2039;2029;2079;2191;2196;2130;1929;2026;2037;2156;2193;2276;1969;2169;2278;2164;2030;2106;1947;2009;2079;1904;1925;1874;2244;1941;2063;1925;2137;2250;1748;2245;2182;2011;2274;2252;1947;2069;2040;2277;2107;2052;2161;1947;1960;1966;1995;2136;2091;2097;1906;1997;2032;2173;2083;
1832;2091;2071;1944;2073;2087;1836;1921;1828;1750;1939;2126;1832;2197;1820;1905;2037;1772;1825;1907;2038;1824;2189;1844;1872;1993;2023;1961;1935;2149;1969;1832;2086;1632;2162;2165;2083;1957;2211;1819;1880;2137;2129;1927;2020;2002;1897;1903;1905;2099;2210;1798;1902;1809;2152;1894;1905;1963;2171;2310;2081;2007;1947;1992;1794;1895;1902;1782;1830;2066;1732;1927;1913;1960;2050;1834;2164;2018;1930;2122;2173;1703;1873;1786;1908;1961;1881;2292;1914;1766;1863;1928;1847;1830;1914;2082;1838;1607;1912;1957;
2447;2207;2005;2070;2234;2285;1979;2159;2201;1987;2193;2136;2217;2286;2141;2143;2081;2047;2208;2012;2361;1944;2443;2055;2421;2245;2207;2288;2143;2412;2250;2055;2269;1841;2430;2222;2210;2284;2326;2125;2061;2199;2263;2294;2256;2172;2248;2248;2265;2169;2164;2034;2161;1975;2270;2156;2213;2135;2399;2561;2330;2103;2266;2174;2269;2119;2198;2173;2007;2203;1936;2022;2040;2306;2378;1824;2346;2191;2149;2293;2325;2040;2061;2223;2391;2334;2104;2453;2230;2030;2185;2276;2143;1989;2328;2171;2137;2046;2247;2337;
2166;2023;2170;1788;2065;2104;1901;2064;1993;1953;1899;2075;1860;2189;2011;1959;2017;1874;2048;1801;2110;1931;2125;1737;2001;2259;2124;2140;2023;1987;2112;1977;1978;1855;2244;1929;2052;2137;2007;1993;1827;2173;2284;2035;2162;2111;2025;1968;2139;2175;2131;1857;1864;1866;2166;2070;2034;2205;2107;2310;2386;2093;1858;1919;1998;2090;1943;2044;2040;2189;2066;1954;1859;2181;2296;1878;2086;2185;2160;2228;2253;1948;2047;1978;2127;2152;1869;2197;2027;1937;1936;1890;1932;1945;1857;1959;1914;1850;2145;2145;
1857;1976;1856;1735;1825;1779;1718;1733;1672;1776;1851;1927;1733;2034;1706;1716;1841;1812;1882;1657;1855;1720;2040;1538;1890;1908;1976;1795;1804;1926;1799;1744;1757;1541;1971;1968;1953;1864;1982;1742;1765;1962;2065;1908;1961;1813;1848;1879;1870;2105;1875;1856;1728;1574;1885;1960;1857;1828;1862;2226;1947;1950;1771;1908;1731;1878;1711;1831;1846;1907;1875;1887;1620;1913;2047;1562;1954;1995;1826;2022;2034;1862;1794;1778;2047;1973;1853;2010;1775;1719;1828;1866;1843;1731;1909;1725;1692;1743;1929;1912;
1911;1671;1679;1644;1652;1824;1485;1874;1529;1641;1675;1773;1718;1777;1579;1808;1765;1531;1713;1566;1750;1630;1808;1657;2005;1869;1873;1775;1704;1866;1810;1721;1813;1483;1982;1648;1822;1691;1742;1690;1624;1842;1897;1830;2020;1697;1716;1851;1841;1763;1709;1633;1837;1674;1800;1816;1833;1589;1898;2121;1853;1729;1843;1736;1851;1784;1696;1643;1681;1917;1659;1728;1549;1837;1714;1415;1895;1791;1778;1951;1809;1500;1733;1636;1753;1763;1612;1816;1766;1711;1678;1762;1741;1762;1867;1821;1725;1626;1707;1658;
1819;1951;1863;1687;1937;1964;1702;1769;1533;1643;1769;1893;1842;1941;1803;1723;1703;1705;1811;1695;1850;1794;1983;1736;1951;1809;1945;1757;1826;1972;2118;1696;1974;1584;2249;1905;1732;1758;1887;1828;1677;1878;2064;1797;2050;1896;1778;1744;1845;2007;1891;1676;1782;1633;2118;1683;1867;1875;1945;2017;1992;1796;1773;1625;1785;1678;1752;1722;1842;1921;1706;1827;1868;1997;1911;1585;1968;1893;1921;1950;1891;1678;1918;1739;1809;1860;1712;2077;1915;1837;1698;1856;1731;1856;1937;1932;1829;1642;1848;1878;
2210;2105;2135;1970;2032;2045;2006;2032;1896;1933;2124;2007;1983;2265;1941;2013;2288;1943;1973;1985;2262;2187;2160;1866;2149;2144;2074;2061;1934;2371;2077;1944;2076;1848;2264;2208;2226;2092;2208;1961;2016;2152;2247;2050;2155;2155;1876;2023;2157;2229;2252;1997;2121;2005;2209;2004;1976;1994;2184;2411;2269;2110;1991;1989;2087;1979;1902;1997;1996;2322;1884;2048;1928;2186;2279;1814;2111;2259;2118;2168;2291;1835;2074;2071;2144;2108;2111;2199;1967;2034;1945;2007;1948;2031;2039;2096;1976;1827;2092;2162;
1978;1755;1797;1759;1785;1802;1759;1877;1822;1668;1642;1872;1771;1879;1623;1768;1765;1699;1898;1694;1866;1717;2068;1679;1849;2006;1720;1776;1718;1930;1955;1824;1719;1593;1982;1665;1860;1825;1833;1729;1766;1763;2047;1864;1827;1870;1799;1798;1929;1833;1875;1735;1792;1646;1891;1841;1922;1809;1913;2124;2121;1862;1812;1816;1722;1807;1754;1809;1745;2098;1764;1884;1795;1806;2016;1550;1966;1889;1832;1874;1999;1736;1865;1715;1861;1936;1702;1881;1686;1621;1869;1770;1774;1847;1856;1723;1792;1641;1944;1953;
2244;2139;2243;2150;2100;2099;1993;2095;1864;1895;1898;2007;2153;2205;2024;2011;1998;1981;2129;1968;2346;2024;2273;1828;2227;2186;2177;2163;2121;2156;2146;2055;2119;2085;2544;2210;2172;2140;2217;2086;2160;2341;2360;2169;2498;2137;2184;2184;2212;2245;2144;2112;1988;2083;2232;2298;2176;2150;2218;2600;2375;2320;2111;1910;2242;2285;2133;2283;2270;2380;2110;2120;2016;2226;2400;1845;2366;2181;2241;2197;2299;2131;2245;2161;2374;2292;2011;2375;2254;2204;2070;2178;2239;2179;2306;2226;1883;1970;2357;2173;
2081;2206;2060;1669;2146;2294;1973;2122;1913;2023;2071;2055;1995;2211;1989;2072;2025;2057;2131;2005;2300;2003;2433;1816;2234;2120;2338;2303;2196;2150;2080;1970;2110;1927;2427;2424;2292;2185;2208;2068;1929;2341;2253;2291;2405;2027;2351;2163;2211;2317;2140;1929;2028;1867;2237;2084;1983;2136;2414;2452;2284;2180;2092;2141;2310;2148;2059;2194;2094;2199;2010;2065;1962;2221;2212;1738;2402;2229;2237;2327;2325;2027;1999;2199;2378;2448;2045;2517;2432;2221;2113;2145;2148;1864;2167;2084;2032;1980;2162;2230;
1912;1856;1738;1773;1847;1745;1580;1722;1776;1788;1719;1742;1694;1967;1648;1734;1839;1669;1805;1745;1741;1696;1903;1662;1713;1700;1915;1847;1797;1955;1839;1667;1748;1598;1881;1752;1846;1960;1869;1642;1744;1837;1916;1878;1909;1821;1997;1841;1896;1992;1732;1841;1710;1629;1946;1726;1945;1824;2050;2035;2013;1867;1784;1743;1785;1919;1847;1871;2007;2011;1702;1846;1770;1907;1988;1541;1896;1691;1885;1994;1926;1551;1602;1707;1885;2018;1777;2040;1799;1777;1868;1825;1782;1885;1861;1746;1698;1708;1819;1762;
1995;1799;1841;1722;1960;2132;1618;2016;1844;1685;1686;1811;1897;2178;1853;1843;1883;1753;1885;1913;2135;1994;2073;1833;1864;2017;2055;2119;2026;2013;2091;1702;2087;1580;2159;1783;1923;1913;2030;1886;1851;2245;2173;2051;2156;2024;2054;1939;2071;2054;2047;1937;1819;1940;2188;2214;1986;1889;1902;2215;2194;2060;1824;2010;1995;2064;1973;1781;1996;2216;1744;1790;1889;1789;2056;1652;2167;1936;2009;2076;2266;1794;1735;1907;2197;2010;1773;2311;2062;1950;1929;1964;1833;1941;1860;1813;1964;1803;2078;1778;
2052;2071;2037;1899;1980;2141;1895;2117;1980;1908;2010;2060;2037;2035;1939;1817;2060;1878;2008;1994;2239;1820;2194;1821;2103;2193;2178;2089;2146;2140;2099;1838;2101;1815;2206;2223;2267;2032;2250;1892;2029;2213;2079;2216;2231;1983;2184;2149;2187;2214;2149;1807;1971;1921;2132;2148;2068;2025;2261;2377;2231;2101;2061;2220;2085;2181;1974;1892;2137;2018;1710;2140;1869;2065;2277;1802;2301;2090;2269;2300;2255;2070;1920;1910;2460;2042;1883;2300;2113;1912;2003;1879;2073;1986;2020;2149;2050;1840;2100;2134;
2070;1989;2083;1811;2098;2012;1958;1957;1941;1750;1930;2091;1890;2272;1767;1889;1967;1883;2144;1896;2117;2016;2246;1894;1995;2250;2024;1932;1970;2274;2057;1841;2054;1717;2312;2052;2133;2038;2250;1873;1866;2041;2332;1988;2044;2121;2118;1997;2134;1997;2273;1811;1905;1730;2159;2081;2013;1957;2176;2472;2365;2083;1842;1967;2061;2018;1787;1976;2098;2163;1916;2013;1956;2173;2232;1878;2230;2147;2082;2190;2095;1898;2034;1963;2194;2185;1997;2256;1867;1810;1866;1986;1993;1916;1892;2100;1944;1981;2178;2043;
2160;1983;2190;1828;2033;2335;1995;2151;1915;2043;1943;2104;1993;2141;2057;2095;2151;2026;2066;1976;2249;1935;2238;1943;2126;2165;2150;2185;2173;2159;2111;1986;2306;1782;2180;2182;2138;2050;2267;1912;1991;2196;2229;2143;2283;2232;2163;2086;2118;2304;2249;2039;1986;2016;2197;2102;2003;2110;2285;2432;2221;2092;2100;2086;1898;2181;2035;2008;2006;2139;1797;2151;2089;2300;2117;1716;2253;2044;2088;2151;2317;1905;1931;2161;2430;2294;1926;2344;2148;2106;1987;2175;2022;1958;1981;1991;1941;1998;2099;2091;
2384;2313;2494;2213;2436;2474;2222;2284;2169;2156;2383;2396;2204;2622;2209;2373;2383;2191;2318;2263;2442;2255;2604;2219;2257;2425;2506;2401;2424;2616;2448;2192;2499;2153;2729;2561;2531;2433;2604;2278;2242;2504;2449;2518;2552;2428;2463;2555;2426;2474;2608;2223;2293;2246;2596;2141;2382;2405;2513;2831;2609;2348;2225;2262;2458;2532;2040;2211;2413;2516;2233;2425;2157;2460;2554;2128;2808;2391;2524;2601;2523;2135;2268;2206;2574;2541;2283;2696;2305;2407;2263;2388;2362;2278;2260;2473;2220;2112;2556;2523;
2125;2156;1989;1695;1916;1914;1805;1895;1849;1615;1790;1941;1840;2121;1915;1789;1984;1818;1924;1918;1955;1779;2044;1858;1859;1971;2107;1830;1922;1934;1724;1835;1907;1662;2285;1938;1943;1877;2135;1817;1904;2063;1891;1938;1889;1920;1927;2012;1987;2001;2145;1891;1880;1796;2035;2079;1920;1789;2128;2128;2212;1965;1900;1724;1839;1843;1894;1998;1937;2102;1872;1834;1780;1985;2074;1728;2083;1899;1950;2092;1976;1763;1756;1755;2241;2109;1927;2190;1901;1883;1884;1916;1928;1879;1903;1862;1890;1828;2024;1956;
2158;1939;1938;1773;1871;1939;1780;1816;1881;1739;1839;1839;1936;2087;1880;1845;2060;1662;1829;1756;2100;1857;1993;1753;1988;2052;1991;2031;1956;1977;2070;1732;1926;1654;2095;2006;2117;1983;2152;1975;1981;2038;2180;2095;2040;1931;1973;2005;2108;1962;1962;1960;1826;1893;1908;2059;2052;1833;1959;2278;2120;2073;1966;1848;1898;2049;1893;1844;1954;1960;1887;1785;1661;1936;1991;1664;2004;2050;1945;2142;2174;1689;1754;1862;2036;2127;1845;2195;1939;1829;1807;1958;1913;2028;2041;1848;1842;1768;2021;1951;
2219;2030;1941;1923;1954;1921;1917;2062;2010;1952;1853;2042;1854;2231;1812;1808;1908;1822;1996;2035;2112;2023;2311;2069;2052;2279;2064;2054;2045;2079;2119;1965;2143;1612;2257;1924;1993;2111;2188;1910;1894;2170;2218;2065;2168;2086;1999;2066;2200;2154;2147;1841;2019;2055;2307;2152;2069;2093;2235;2338;2307;2164;1821;2006;1927;1991;2047;1946;1975;2163;1904;1964;2034;1989;2300;1905;2238;2074;1939;2185;2123;1878;1958;1848;2187;2177;1933;2137;2111;1931;1992;2013;1976;1924;1945;2075;1899;1896;2087;1891;
2490;2043;2211;2086;2073;2383;2057;2146;2165;1905;2133;1974;2170;2344;2151;2134;2148;2064;2192;2131;2211;2146;2496;2057;2164;2281;2326;2192;2107;2531;2325;2102;2416;1946;2349;2191;2112;2109;2292;2047;2063;2266;2294;2355;2264;2367;2295;2192;2262;2206;2250;2008;2240;2131;2346;2296;2208;2217;2309;2509;2386;2151;2032;2199;2118;2253;2110;2043;2017;2339;1912;2320;2161;2340;2344;1916;2314;2230;2146;2401;2380;2001;2132;2132;2335;2302;2122;2293;2182;2259;1965;2206;2127;2163;2145;2224;2098;2046;2313;2137;
2117;2074;2068;2051;1878;2048;2057;1971;2043;1716;1882;1990;2022;2133;2021;2015;2128;1865;2070;1942;2254;1937;2161;1749;2060;2191;2137;1990;1913;2280;2111;2054;2182;1824;2402;2157;2210;2007;2100;2010;2030;2054;2148;2185;2235;2169;2097;2122;2214;2094;2031;1936;2037;1932;2058;2210;2031;2086;2265;2514;2227;2157;2053;2083;2143;1885;1955;2086;2075;2166;1826;1986;1824;2196;2149;1896;2130;2224;2152;2355;2209;1872;2060;1782;2232;2132;1909;2282;2207;2000;2001;2036;1970;2132;2097;2102;1831;1804;2156;2101;
2013;2114;2303;1870;1976;2138;2029;2042;1918;1870;1911;1951;1935;2105;1990;1874;1980;1885;1954;1952;2197;2099;2264;1829;2050;2040;2117;1919;1981;2175;2138;1956;2147;1829;2338;2252;1922;2027;2025;2058;1953;2073;2228;2064;2154;2057;2071;1878;2153;2099;2202;1985;1993;1812;2213;2049;2060;1930;2187;2434;2225;2099;2061;1994;1883;2081;1891;1867;1952;2168;1857;2101;1977;2197;2160;1851;2277;2068;2108;2052;2269;1983;1906;1936;2328;2084;1950;2319;2134;2108;1973;1954;1983;1971;2073;2123;2077;1657;2119;2187;
2328;2146;2255;1984;2015;2125;2020;1945;1861;1997;1976;2186;2197;2191;2015;2102;2092;1975;2031;1902;2328;1984;2272;1869;2296;2265;2173;2073;2081;2073;1968;1974;2049;1836;2467;2353;2262;2091;2291;1893;2151;2308;2315;2199;2336;2150;1938;2040;2108;2221;2271;2047;2083;1938;2198;2103;2063;2052;2426;2429;2257;2358;2102;2034;2092;2144;2029;2017;2258;2288;1995;2035;1950;2157;2214;1791;2333;2208;2115;2312;2227;1959;1927;2022;2176;2179;1987;2378;2133;2167;2017;2159;2097;1982;2087;2128;2094;1796;2175;2148;
1817;1921;1846;1884;1938;2016;1683;1822;1839;1693;1880;1857;1940;1914;1868;1918;1821;1751;1847;1742;1999;1748;2068;1783;1811;2035;2067;1861;1933;1960;1883;1731;1986;1640;2084;2028;1951;1938;2019;1771;1972;2125;1965;1991;2064;1870;2058;1824;1946;1909;2017;1915;1766;1764;1877;1968;1879;1904;2090;2366;1926;1967;1945;2050;1814;2024;1849;1888;1755;1780;1829;1866;1726;1911;2016;1644;2231;1955;1794;1901;2169;1848;1819;1902;1997;1998;1958;2217;1958;1936;1816;1903;1947;1692;2019;1902;1983;1681;2112;1992;
2107;1986;1945;1792;1879;2034;1786;1999;1810;1685;1882;1759;1953;2274;1825;1659;1935;2078;1879;1943;2255;2052;2226;1830;2122;2071;2150;1862;2052;2129;1993;1721;2002;1821;2249;2097;1972;2099;2026;1764;1927;2201;2062;2171;2097;2094;2188;1975;2154;2057;2093;1935;1950;2014;2229;2106;2051;2138;2131;2333;2143;1985;1972;1973;2031;2233;2105;1940;2052;2159;1805;2111;1894;1975;2200;1778;2198;1778;1984;2093;2202;2010;1934;2029;2253;2101;1855;2207;2067;2147;2014;2082;1949;1976;1906;1942;1949;1766;2101;1931;
2311;2125;2138;1845;2056;2121;1923;2070;2021;1978;1960;2085;2071;2300;1968;2056;2111;1979;2144;1968;2142;2138;2343;1959;2174;2289;2136;2194;2146;2177;2072;2044;2116;1833;2330;2085;2198;2016;2219;2000;1936;2299;2320;2168;2406;2244;2171;2003;2233;2317;2179;1972;2239;1927;2317;2227;2158;2117;2233;2422;2487;2204;2021;2087;2220;2080;2209;2096;2132;2291;2158;2050;1935;2208;2412;1942;2277;2134;1981;2360;2305;1971;2066;1985;2227;2252;2039;2403;2050;1969;2056;2213;2155;2052;2161;2057;2012;1992;2171;2043;
2154;2161;2151;1903;2002;2291;1851;2165;1955;1944;2159;1912;2024;2327;2025;2048;2155;1938;2085;2084;2100;2030;2237;1876;2078;2197;2200;2204;2048;2234;2126;2026;2083;1894;2307;2069;2072;1923;2218;2285;1982;2063;2306;2188;2225;2196;2120;2072;2043;2236;2122;1891;1866;1922;2125;2152;2214;1982;2225;2342;2331;2130;2160;1960;2003;2104;2080;1870;1828;2213;2080;2089;2007;2178;2168;1776;2264;2207;2098;2298;2429;1916;1942;1944;2205;2228;2021;2360;2005;2021;2055;2001;1939;2037;2205;2123;2040;1751;2072;2083;
2152;2184;2109;1970;1928;2102;1902;2062;1977;1754;1993;1925;2111;2347;1907;1988;2038;1941;2076;1937;2102;1959;2138;1839;2010;2280;2232;2200;2019;2137;2116;1993;2072;1901;2432;2258;2087;2055;2295;1989;1933;2195;2280;2122;2344;1937;2211;2108;2158;2292;2250;1964;1965;1876;2043;2079;2097;2037;2197;2360;2341;2095;1993;1913;2150;1970;2037;2080;2106;2249;1988;2144;1873;2158;2155;1711;2327;2071;2240;2283;2244;2038;1966;1940;2242;2226;2020;2405;2137;1907;2023;2010;2060;1998;2239;2022;2124;1946;2083;2083;
1971;2073;2143;1892;1841;1989;1931;1814;1633;1740;1794;1940;1924;2071;1911;1842;1944;1782;1892;1822;2054;1965;2059;1808;2095;2012;2061;1905;2013;2049;1941;1951;2062;1853;2379;2285;2080;2076;2136;1907;1906;2089;2053;2096;2270;2041;1939;1935;1951;1965;1975;1986;1883;1807;2070;1765;1925;1801;2222;2495;2004;2081;1959;1767;2034;1993;1888;1927;2057;1996;1799;1910;1788;2123;2101;1798;2228;2021;2030;2093;2085;1849;1823;1832;2202;2007;1939;2147;2070;1979;1910;2018;2113;1916;1992;1933;1777;1707;1972;2099;
2120;2050;2068;1746;1913;2082;1830;2005;1945;1995;1851;2020;2053;2302;1967;1891;2082;1875;1962;1902;2212;2057;2296;1920;2103;2290;2210;2025;1917;2234;2217;1942;2130;1895;2300;2029;2018;1911;2096;2007;1900;2186;2081;2255;2113;2119;1940;2109;2243;2087;2164;1881;1947;1779;2120;2090;2156;2101;2209;2348;2408;2033;2019;1991;2017;2032;2092;1979;1961;2259;1893;1973;1947;2109;2262;1855;2155;2044;1881;2129;2223;1959;2037;1901;2159;2095;1921;2091;1958;1818;2072;1905;1838;1945;1931;2042;1944;1858;2154;2057;
2045;2053;1939;1851;1942;2014;1662;2014;1976;1692;1846;1929;1781;2127;1851;1855;1982;1875;1943;1952;2078;1850;1994;1822;1802;1950;2041;1969;1917;2244;2035;1821;2062;1740;2300;1942;2062;1892;2083;1835;2032;2103;2056;2095;2084;1986;2124;2035;2114;2126;2148;1932;1751;2050;1970;2099;2042;1921;2051;2250;2079;1906;1995;1846;1989;2199;1875;1959;1957;2216;1788;1988;1919;1975;2100;1635;2200;1950;2017;2111;2208;1868;2012;1852;2263;2081;1864;2317;1927;1926;1886;1955;1929;1945;1957;1908;1924;1847;2197;1856;
2047;1994;2145;1917;2001;2126;2081;1910;2028;1825;1839;1957;2033;2373;1903;2086;2085;1766;1966;2046;2203;2147;2220;1880;1992;2229;2138;2121;1937;2156;2115;1984;2178;1811;2296;2166;1989;2110;2276;1933;1919;2159;2371;2110;2181;2016;1993;1879;2175;2004;2079;1974;1971;1916;2231;2252;2107;1951;2277;2384;2208;2268;2053;1988;1823;1939;2028;2069;2078;2046;1930;1849;1942;2174;2178;1877;2311;2149;1915;2258;2114;1872;2045;2046;2137;2235;2050;2075;2052;1871;1971;2065;2001;2146;2058;1975;1976;1971;2084;2089;
2184;2021;2069;1864;2009;2115;1909;2205;1977;1909;2054;2164;2016;2374;1949;2147;2170;1961;2059;1951;2405;2027;2216;1724;2130;2350;2224;2147;2107;2204;2186;1905;2243;1795;2271;2141;2135;2209;2097;2030;2036;2328;2356;2151;2177;2005;2000;2025;2174;2293;2140;2067;2012;1754;2161;2165;2178;2225;2247;2430;2452;2152;2039;2096;2131;2025;2166;2046;2059;2182;2002;1998;1884;2196;2212;1840;2211;2190;2266;2400;2170;1786;1963;1908;2327;2302;1987;2194;2055;2007;1964;1943;1967;2155;2108;1945;2142;1895;2039;2202;
2311;2051;2041;2071;2168;2278;2231;2290;2119;2012;2141;2033;2225;2460;2081;2115;2361;2045;2237;2238;2263;2104;2511;2021;2209;2201;2228;2303;2094;2385;2251;2195;2329;1823;2423;2323;2268;2191;2498;2087;2051;2339;2400;2266;2313;2321;2369;2134;2423;2322;2356;2111;2230;1920;2334;2304;2288;2063;2373;2640;2402;2402;2224;2269;1993;2133;2123;2158;1998;2223;2016;2213;2134;2528;2184;1949;2353;2295;2227;2434;2608;2103;2190;2153;2369;2395;2182;2523;2207;1993;2087;2216;2295;2142;2432;2199;2113;2052;2418;2288;
2032;2055;1981;1830;1888;2132;1886;1986;1933;1869;1829;2082;1967;2174;1959;2023;1979;1748;2034;1905;2228;1872;2131;1942;2047;2243;1980;1876;1910;2115;2036;1950;2074;1844;2195;2054;2113;2107;2110;1841;1919;2062;2201;2016;2005;1973;1994;1965;2208;2050;2200;1940;1984;1916;2206;2039;2092;1966;2073;2385;2179;2144;1780;2002;2001;2057;1944;1864;1804;2049;1755;1943;1789;2094;2182;1719;2158;2101;1862;2125;2046;1815;2035;1863;2213;2092;1937;2146;1974;1720;1907;2062;1864;1881;1848;2063;1883;1932;2009;2039;
1884;1935;1780;1796;1975;2011;1757;1776;1931;1787;1814;1884;1771;2004;1772;1738;1805;1701;1897;1677;2143;1828;2109;1714;1885;1851;2160;1956;1946;1922;2020;1671;2089;1678;2122;1953;1923;1916;1978;1807;1774;2062;1926;2095;2060;1961;1941;1884;1999;2064;1938;1835;1822;1851;2065;1754;1852;1854;1927;2212;1930;1988;1768;1906;1817;1975;1848;1802;1848;1965;1662;1796;1953;1972;2127;1676;1982;1986;1892;2056;2104;1828;1789;1784;2066;2104;1880;2055;2003;2092;1932;1838;1825;1855;1847;1867;1767;1737;2005;2017;
2059;2087;2033;1935;2081;2140;2090;2102;1920;1845;2143;1953;2086;2470;2096;2040;2298;1873;2147;2005;2264;2180;2225;1911;2085;2159;2213;2140;1991;2278;2078;1890;2160;1756;2253;2151;2012;2052;2109;1945;2013;2062;2402;2113;2242;2116;2057;2163;2355;2100;2129;1881;2008;2011;2193;2262;2170;1987;2242;2466;2344;2032;2069;2124;2099;2010;1987;2078;2016;2194;1962;1994;1946;2178;2116;1922;2192;2164;2147;2193;2328;1809;1985;2070;2157;2160;1949;2170;2101;1974;1899;1972;2013;2054;2092;2147;1951;1905;2117;2093;
2050;2182;1979;1954;1996;2058;1868;2048;2031;2012;2026;2004;1933;2196;2060;2090;2010;1807;2032;1858;2274;1807;2125;1784;2068;2078;2225;2149;1869;2183;2094;1950;2173;1646;2196;2065;2065;2046;2153;2036;1910;2130;2194;2028;2177;2040;2130;2016;2133;2149;2248;2147;2037;1807;1948;2047;2143;1980;2140;2398;2175;1978;2058;2050;2041;2012;1949;2065;1861;2289;1872;1960;2063;2138;2084;1689;2141;2156;2021;2335;2213;1845;2040;2026;2141;2225;1914;2409;2029;1984;1941;1945;1865;1958;2089;2054;1906;1907;2213;2050;
